"0bkFace.0bkFace" "0bkFace.0bkPlace" "0bkFace.2bkFace" "0bkFace.2bkPlace" "0bkPlace.0bkFace" "0bkPlace.0bkPlace" "0bkPlace.2bkFace" "0bkPlace.2bkPlace" "2bkFace.0bkFace" "2bkFace.0bkPlace" "2bkFace.2bkFace" "2bkFace.2bkPlace" "2bkPlace.0bkFace" "2bkPlace.0bkPlace" "2bkPlace.2bkFace" "2bkPlace.2bkPlace"
"bb4934.zy9688" 0.0709492617501338 0.122646788590767 0.170575908472619 0.169925427661269 0.145730383138186 0.193096283018199 0.154371948659222 0.180342989627233 0.13918250469311 0.16942704753536 0.238745861135991 0.225043983289942 0.208793713810113 0.223286121388486 0.212358684757904 0.227584561979761
"wr8519.fp916" 0.0731746757833694 -0.00137428403597372 0.157714280696113 0.162699856281065 0.127217531072774 0.033119364130195 0.152342965525671 0.159782729165899 0.0320937027774939 -0.0482854634588456 0.088780021731357 0.0598215495223182 0.119739856853395 0.0487449563267877 0.167825772548891 0.180163442357668
"qi9723.bz274" 0.0205286265751005 0.0415109453663257 -0.0230398332039724 0.0343204063483683 0.0809899145694823 0.052671882418357 0.0518080223619238 0.115271039225286 0.0984358059779085 0.00151292678058022 0.106330701929106 0.149284051371399 0.00724119655178404 -0.000447973975814284 0.127420332964086 0.0984127435180422
"uh4238.rc7697" -0.0500807077270129 0.061671896617077 0.0737663113763965 0.0721651817362964 0.0381593848920861 0.149196282061853 0.146730981890042 0.0686469352185488 0.00532071763264239 0.131683929949181 0.21945318878339 0.142495762455506 0.0494691497981325 0.131335184311679 0.137328565832359 0.0889695649693625
"nj9775.hl7390" 0.141900967741727 0.197018777190304 0.118164072521666 0.166365297918216 0.142021190834399 0.235793473448812 0.14692414397853 0.197262860748872 0.211440276873968 0.289764352988498 0.211660755783619 0.288387924450098 0.2491800453827 0.329541496255899 0.231924485023462 0.324953158108087
"kc3518.hq3709" 0.102530632365412 0.206355192625912 0.249749882903182 0.260135583996013 0.146872711927159 0.135540145275473 0.0917823246126771 0.0760221738901441 0.0982738037358939 0.190292358266746 0.325836692859049 0.323159664826458 0.160369032485661 0.232765130492888 0.375272035097913 0.396273570504673
"nw2252.gm1079" 0.212882591149837 0.228399572403278 0.275205511611428 0.256706369884155 0.110477083180592 0.111246483928924 0.186221107700516 0.210599972223199 0.17204374106642 0.148722733376449 0.269799571339032 0.256842927917998 0.163837205526252 0.142860357326749 0.237560779818569 0.232516647381234
"lf5535.kt8002" 0.121703835028308 0.0539329065433529 0.0581983650466923 0.0648359597700436 0.0867882940193118 0.0555598209330534 0.031554798094656 0.079204224224593 0.210877465850105 0.0829168168338576 0.156003891150181 0.202666448486019 0.136505524024565 0.0028304531124797 0.0713841173552815 0.126923489693847
"oa9751.jc6773" 0.115135037297397 0.103684669201559 0.0751467785157047 0.135671477631017 0.0988493844652789 0.0345711355869053 -0.0153671435269063 -9.10835227050755e-05 0.255998935129708 0.154798104896119 0.254684802489555 0.232272562877987 0.306471007734438 0.243540925317405 0.305655026313175 0.309148683703435
"gt185.cs5197" 0.0253271831750629 0.0956807680836945 0.10270405101976 0.0679092540553471 0.0638702671044435 0.13407789394122 0.116273241862686 0.161996164716537 0.0949010161734319 0.162514669150725 0.225761821345096 0.211135129550573 0.0475316675604591 0.191046255166546 0.205990643225812 0.216800168036025
"pb1903.dt1372" 0.202775715712035 0.253996220341275 0.176836349031064 0.228349520974805 0.150981982295731 0.221186206949933 0.108462906772604 0.202367739867849 0.325602912979808 0.361572116545512 0.309384068716128 0.391334606256889 0.271020061236075 0.309873315531179 0.274061680676675 0.361500945237941
"pb8936.tb4452" 0.166200053462954 0.284669878056583 0.273914454926706 0.287747309380309 0.187218709880637 0.316837478684824 0.278856160220612 0.31386130885544 0.0426983881773478 0.0888390530582356 0.172300169505031 0.17534878768377 0.0739058153359697 0.141661732969955 0.177326958681629 0.186548205099858
"ng3506.kk7321" 0.296917682784294 0.185181968773897 0.288088861109938 0.287647469979504 0.195184140780023 0.153050903273264 0.181906971663559 0.209265307731906 0.22569606849664 0.196413627648672 0.217505246618307 0.238031211530079 0.266684480197999 0.25164352129051 0.291269587715526 0.279095823417582
"ix4227.kq2702" 0.231398833493728 0.212204458935571 0.215201062016061 0.26828179438809 0.277351736666444 0.287026840608949 0.275171228166851 0.268534002024238 0.195278403144383 0.201486007342269 0.227430256679081 0.225778964818363 0.257086811963506 0.217372394415259 0.269637475472437 0.257149037218322
"vn7650.mp3370" 0.234111267145335 0.231477156428592 0.278971457018136 0.133434645948929 0.205147700467018 0.253383455655542 0.266602205299137 0.20946039260054 0.236221240665612 0.213488169056744 0.256154394935352 0.202682622912788 0.226132910730844 0.240270452489887 0.262749774676455 0.196666777214296
"su3645.la196" 0.108516303065431 0.162493317695515 0.118266212409633 0.147617361405267 0.0445494982330441 0.0886006634944676 0.0906180097113259 0.0629791253591239 0.151996701146145 0.242608870486025 0.212743624471131 0.228444049891951 0.150518739614232 0.24471493444295 0.167753292126762 0.219239886167428
"nx8660.rm5865" 0.208657683409944 0.146939211177499 0.17223877558751 0.134250303250875 0.211338536482124 0.186824121266907 0.250290844054354 0.250216996085466 0.177027957622215 0.12750823641851 0.260177277921411 0.284448419150039 0.19540160514165 0.137065936050832 0.26216655871874 0.293565363783525
"rm8505.qs9711" 0.115710182899276 0.118773147977249 0.047677305343249 0.151888717702854 0.112911168055259 0.167110416244956 0.0882495380110308 0.214535659284242 0.121388442936592 0.123656988323743 0.0306570567302624 0.161304090731252 0.0741492009634166 0.0627789568031983 0.0206409913787246 0.132354743662102
"qd3657.tq2115" 0.0507751555863743 0.0714884077627933 0.0469076036735489 -0.00272368334204271 -0.105749328109055 0.00504267551498351 0.00195039693324876 -0.118383383205627 -0.102080161891807 0.0135258531199694 0.179455302409404 0.0403951743638599 -0.106013693224734 0.00178808891897006 0.155365365034564 0.0320292821702235
"fd2525.sm1241" 0.101123649283913 0.109781216424942 0.137837309716027 0.0344307287049884 0.102764785668236 0.143510878175166 0.12354541382445 0.168242710258921 0.0897171986485996 0.104416658915238 0.153564679870585 0.169929619272545 0.0987750751113311 0.170445473653828 0.149710124439248 0.149207312567836
"ca5018.ba2743" 0.292015726790522 0.302245928891897 0.22101117579091 0.187360903130963 0.295045116564354 0.342113419649721 0.242513283783302 0.213361271516154 0.240179191359572 0.293004033128509 0.355068088767853 0.337263386071129 0.333702736780249 0.357390956198654 0.368887308172739 0.331089251675168
"jd1964.hw3664" 0.0197911727686478 0.053413316344013 0.0806720785514803 0.0636934609176327 -0.00625302248466067 0.034308661272693 0.0458674926875999 0.0725491110716679 0.00584264131730419 0.0476662522291021 0.0577129810802329 0.0574360769997509 -0.0563284225780926 0.0946773149407227 0.050286698982666 -0.0102145650167103
"wi5744.ry6595" 0.181734949467085 0.271190688248994 0.179316453380832 0.275232415968246 0.169254133925618 0.325377414855873 0.198291052196751 0.245481546106003 0.184549375024302 0.257008257705282 0.207953495117803 0.242477690186672 0.0819966040317626 0.260214269509882 0.183803231311053 0.229802831335037
"fr2578.dq5352" 0.165018863837697 0.0328821183801394 0.154462760300247 0.202718578146924 0.227051804160042 0.0889917504679632 0.176099034887775 0.253756858858079 0.273820145614672 0.11297074743526 0.244397121564003 0.297091826466044 0.214143205088079 0.0776500772970121 0.24874559099235 0.288071754951937
"ns7330.li2052" 0.165222133234262 0.132391854489068 0.00777209516855572 -0.0263069454765867 0.154936605016929 0.112804635750507 0.0649068952241792 0.0310087128199225 0.119644100804837 0.147861147456575 0.0611457565292287 0.0228688186292666 0.0551240168825061 0.0882870439794684 0.0506975315116458 0.022013472065292
"ig328.fp6017" 0.269261978958706 0.186278403645444 0.285069293320572 0.25661027026194 0.297813849716028 0.240937253962791 0.281666721110033 0.309381312462451 0.244280837822276 0.178713021409632 0.236791497451656 0.237284427535954 0.245255583617485 0.167537327800349 0.296739842380911 0.27521893433664
"xv7888.ie7709" 0.0551626058668017 0.0130642603004829 0.0284758174133351 0.0214386521057243 0.0867600210849808 -0.0350204363650778 0.0309961691262808 0.0679226780531239 0.0906408811143534 -0.0495307776232407 0.0434067780930559 0.071516422080861 0.0984891880734187 -0.054676267997523 0.0311062822958779 0.0880928447293418
"dy4972.vm7506" 0.0165814646086639 0.115784676682042 0.0641762604085294 0.125210138995388 0.0934113422112411 0.197546280831192 0.154291515880514 0.244966600325305 0.0421721422259515 0.114447525908824 0.114286331447518 0.287061270502251 0.0272992888853114 0.193374913510635 0.176353688896342 0.263989975490723
"vl2882.cx4373" 0.146811744890735 0.156178241220854 0.104864589369201 0.0592225454411111 0.137616755908935 0.109594243658912 0.123357435839778 0.142554710638676 0.169605850350002 0.0886220824739629 0.137437400366713 0.153370491135512 0.0144060691938598 0.0325357264403656 0.0860733100327599 0.0556159304077035
"tz3071.ss3114" 0.0615005784342073 0.103749055737585 0.0452221407638973 0.0832889908948257 0.0329719359226188 0.138418252557343 0.117456508523725 0.0719748907787476 -0.0207933011437479 0.136844870770321 0.0839121902366622 0.121994045508187 0.0543253471047012 0.139409930900557 0.0675221559677586 0.147257884152009
"et1430.pb924" 0.0484682132211015 0.12321524671396 0.104343688703773 0.0867621948164055 0.0719860257678204 0.0713971709450162 0.0869372151440794 0.0512761086139988 0.118790665404596 0.127781759534614 0.14470136052354 0.131120129296883 0.203981448482069 0.227510170901744 0.227594362004357 0.216091317378956
"ct6231.sr182" -0.0599566528593476 0.0324866127625264 0.00641631033241411 0.0332607464922845 -0.0372815554035385 0.0131447317640655 0.03681568761102 0.0337674172517375 -0.00144836321567007 0.0611828019020429 0.143537052362473 0.183941452654323 -0.00065626271063525 0.0940282022108247 0.194317145583741 0.241956987882373
"lu4060.ck6395" -0.0665188068114437 -0.135423014384673 -0.0822209765264287 -0.103570325614908 0.0772682904503379 0.0433749282581457 0.065566401231012 0.0160904871322938 0.0698235144279082 0.0908175695328806 0.133133198204178 0.114634440016332 0.022528208627836 0.0522199863001503 0.095754657765542 0.11886432931373
"tx5670.he6807" 0.0280532533403438 -0.0837500124166698 -0.0198309250566268 -0.00984520425493535 0.0277432571067467 -0.0159456468759694 0.0276975409621346 0.0558004107603192 0.0317606338401815 0.0546754360829167 0.0618353530318641 0.0814995151339411 0.00806192425694838 0.0490078564130317 0.0416281800053972 0.0911611211650628
"qz8329.aa4340" 0.105518226771078 0.0980064252543063 0.153623695908733 0.10954094133901 0.0836708733628977 0.0428731827082523 0.0557169059805484 0.0334008186023544 0.270459531155259 0.16378349208965 0.218413638566084 0.184160145187265 0.217453806978386 0.109932092958122 0.122224576634957 0.119454552353987
"lh5049.gr5225" 0.203048294084703 0.178293004972697 0.272445413740185 0.163363083027867 0.132952827859982 0.169559058692766 0.282328913477618 0.10723546066806 0.164274571229079 0.146180741357912 0.152541295602384 0.102059992106657 0.186668210756786 0.187658891826445 0.261724975448182 0.156531745233327
"ry5739.xx3869" 0.00786194412957808 0.0316164713303857 0.0047539476468932 0.00575960376201479 0.0442049567949815 0.139901507439698 0.0742343403203574 0.0890669231745936 -0.0242711770523428 0.0669728406237589 0.0356127885613441 0.0729282909893663 -0.0378226614535161 0.0549523188384247 0.0296268986158393 0.0134293761736836
"ub22.ia4019" 0.26070018539242 0.238808612305905 0.221487226722619 0.257685129031263 0.227027358958888 0.239865962626892 0.26770841826523 0.297357992967058 0.194060174755274 0.19896262529243 0.203268542091148 0.21608347096056 0.182667596427944 0.169196124143144 0.148473746409777 0.180573540990259
"sv1050.ob5169" 0.219843765858296 0.139917573191835 0.244384662974242 0.185711143811896 0.213866182137336 0.176418766261446 0.306986879261133 0.241763300154055 0.300302787125545 0.2404848359674 0.344401159643954 0.309226705297501 0.254893273918161 0.175464552378522 0.278586193325716 0.244161836255706
"zp8076.fu4651" 0.10412154256386 0.101918807430317 0.102855630266276 0.0854905893931024 0.15882182545098 0.131821026005506 0.0990674368048806 0.154367044265857 0.241678939329934 0.149651566610761 0.194918792580064 0.201257615381698 0.242511212226358 0.153577064669219 0.162249154251196 0.183528304319307
"sh9073.tr3019" 0.183955217412032 0.196693598253961 0.0642224345661528 0.0876791621254794 0.128888602863877 0.24409159202895 0.138342831170816 0.177779738784268 0.220375440696221 0.230750096127297 0.199915603622757 0.199198966170378 0.208655342728404 0.248814734150171 0.15972386293482 0.185414742932827
"ho4452.au2746" 0.0483557458484243 0.0808473537581412 0.0490900756542275 0.0473833881681127 0.0917667371062613 0.129988619255019 0.125419200087761 0.130206639595335 0.0487106055335602 0.102353036455942 0.0882029659260065 0.0619070188855719 0.109728606587296 0.140405263093165 0.129407951857336 0.130930968156371
"qz8248.nr1944" 0.178125123157518 0.121596180761373 0.0736148548624893 0.107020982585866 0.0892605873635581 0.107658921771747 0.0257837505850273 0.106056261066728 0.112144231760707 0.0840447478486247 0.0370866359195089 0.0463876456230671 0.0951223416533876 0.10004157499945 0.0920543624686974 0.0731890545746043
"cl2509.iu339" 0.118660656788745 0.0792709983193451 0.180947524015017 0.174137983249239 0.109054244045676 0.131363310943323 0.199007055938065 0.23180786163469 0.076121469727125 0.0774266352151957 0.189563787071924 0.206817147374353 0.118754290962675 0.154606169177478 0.201416886460404 0.238175085100227
"cs9691.hb7546" -0.0516632005186596 -0.0337561993424358 -0.00378472235439038 0.0132549125148936 -0.049444939208206 0.0142344948769478 0.00579635336086123 0.0401759327888042 0.109775154209062 0.0986962718320091 0.137275151213236 0.107494984642658 0.00753870236359531 0.0474867873692894 0.0572472549395686 0.0210072931615223
"uw6754.vb2722" 0.256107611791565 0.288530777648392 0.187677255088487 0.216142893575129 0.243435419583595 0.234260242893228 0.240833846155215 0.235499232961459 0.17243287152671 0.111282111451352 0.257173722147963 0.208039851530308 0.190479300349015 0.132157987577544 0.253610157711469 0.237252148034101
"sx7909.bn7978" 0.0475754530507934 0.167687243011422 0.216861980527185 0.135682385197711 0.0226138429143792 0.163654857839959 0.166256086416149 0.075148589616955 0.0230311507365362 0.15842021861555 0.206190519900636 0.0901189184832357 0.040398315501529 0.130899384575028 0.171401744590557 0.120775610891294
"jh1505.ri764" 0.115646094642953 0.0366508668734007 0.0874979078377459 0.0760676756941101 0.107115939990244 0.0107467195314891 0.096609617977631 0.0532810656555521 0.0725746709000496 0.0103977149143108 0.155284728029935 0.0673104401884783 0.0628067699257144 -0.00183391690203771 0.165079839999977 0.0932599612602488
"oy6431.qk7176" 0.171930896025578 0.15216575691346 0.169009026164957 0.155408452976196 0.0150873034659069 0.0797753277452955 0.0625241740448718 0.0761203224853665 0.134296236387755 0.210716203231034 0.214456858903515 0.177425675498517 0.0698796974330622 0.0521643254389239 0.102170280614719 0.0745874078658803
"tj8522.qq5491" -0.0190429258048858 0.01472044129683 0.00509703744846896 -0.0476110904530261 0.0999912709871036 0.135795770184735 0.135366232352027 0.0955131709425511 0.0676321237418026 0.071160270704783 0.0759416022717741 0.0662580644634521 0.14384519106585 0.193123407384247 0.177462291413367 0.173594031075315
"ss6388.ne7334" 0.144902239496686 0.0920501757778082 0.146409600571145 0.20087197833903 0.164625923751698 0.0711668965712155 0.0991495815368456 0.158683032745977 0.143075055382193 0.127173876408144 0.171457175708275 0.228306598131907 0.174385819887472 0.104764322519725 0.178610795818467 0.241376263697161
"bx1564.we7146" -0.043151693495177 -0.0416521491188667 -0.0595270885288629 -0.0893528482351946 -0.141025496885944 -0.0684291764266436 -0.146015724252188 -0.158439653439188 -0.0276785730533711 0.109268878420609 0.00399771504106331 -0.0246606427646457 0.0178511446144968 0.1526535063242 0.103132820349867 0.100551411416644
"th6641.to1698" 0.144610375136396 0.121712332154817 0.0988356714956368 0.063511626653076 0.128273097588192 0.0912721607104785 0.102297975574005 0.0832995374519629 0.114709556943578 0.0838321201563815 0.125420897133664 0.0964804643225488 0.103930488197262 0.083085596098971 0.103760915175709 0.0908606469102237
"ti5445.xj6341" 0.0566044967863205 -0.0133720311816932 -0.0295136514991607 -0.0259693542155667 0.00432189019722835 0.0279446615475882 0.0206133156772791 -0.024005231654769 0.0624406401103111 0.162477609018382 0.167098361291337 0.154027644954317 0.0392987444453075 0.0691435397357249 0.0203098428670726 -0.00510013219487777
"dc2170.lw521" 0.147980315276422 0.155184180105621 0.107782019899207 0.0485720975792364 0.0845171146994996 0.221336755932952 0.230234564441251 0.221681722825128 0.193619663403464 0.253709785621263 0.337476589524717 0.269900697439829 0.0911510078090173 0.0996150179942044 0.190495592550909 0.189134114950286
"qh8067.ok7328" 0.00741248841436149 0.0626560840020802 -0.0396164796661214 0.0896735400930481 -0.0650088609238302 0.0390330822085498 -0.100672642291363 0.070264940147565 -0.062649625862773 0.0562418420397671 -0.0569314791201944 0.069417884661418 -0.076115032907089 0.0475686075200894 -0.119879670250777 0.0444216113410026
"ix9468.qw3315" 0.0869477817866429 0.113998964618776 0.0991693253347344 0.103872579909236 0.0776518005363728 0.202865325461639 0.0822371827842511 0.0964315780009696 0.0484129247622564 0.143765971820361 0.112058613057494 0.0508381869043377 0.109591501446427 0.186061560793844 0.149648211404497 0.143224198649096
"fu4952.ty3311" 0.0899505696211915 0.169204287516253 0.121123861289114 0.113095979800517 0.126473092498946 0.303864551090582 0.225443200813506 0.248798523358788 0.135481120161075 0.219944230313901 0.209616877922942 0.173960876234398 0.00636552528997347 0.172524599479825 0.16488977258112 0.130275104209924
"lq147.tp4003" 0.0733573641867911 0.0785611766267595 0.146485523591857 0.128593463253545 0.00769515352769294 0.0191968806583616 0.0707508406844877 0.0905628834511253 0.0315865798260192 0.07783870246618 0.169678168003472 0.146210732549519 0.0236736566258448 0.0540805714722415 0.129362034444223 0.0983144707624657
"bu7334.gm3042" 0.0980003979314296 0.11248654057428 0.119129593043999 0.0987726710579317 0.0926420925041984 0.0620828426940562 0.0305937496490105 0.00998221657547836 0.0368226858419544 -0.0326608000110807 0.0768718230552697 0.0634877866387947 0.010583765502106 -0.0118588381393137 0.0494784931152061 0.0338517638756594
"pe8461.nb5136" -0.0303001840511179 -0.0647772258209849 -0.0318795530872791 -0.0462904810743549 0.0801471073191684 -0.00437188960996913 -0.0252651492478841 -0.0354874652432066 0.0840872374736372 -0.0211548595759517 0.0441893152377456 -0.0253316606410176 0.0674437414644498 -0.0668922152849997 -0.041227276137453 -0.0524579330717314
"jb8336.sl1458" 0.0407875795685136 0.0358611007644345 0.0506319443408055 0.0354776815627066 0.00896920016143663 0.028015359532117 0.0346153169078149 0.02592593713294 0.0113828365394234 0.0376729132627476 0.0292139313855313 0.0198452496546292 0.0952532797211389 0.0923722739251412 0.0698704544830789 0.0629154883998823
"bl1733.va3536" 0.111504433552942 0.127100777589354 0.182243391074779 0.177154709455797 0.0959352893921622 0.111079341009769 0.145415768092428 0.160176734976745 0.0441688714202229 0.0784994308915255 0.13029205669508 0.15036298269283 0.115631147710199 0.113004739483155 0.14514713356061 0.194589426257808
"ng7390.cn2854" 0.103781372159729 0.0413620681478 -0.0389053997161484 0.0638606565697744 0.0895727739315692 -0.00573124127859489 -0.043117607407079 0.0530585562918929 0.0624218851457809 -0.033128346996242 -0.103990277065596 0.00321423980693543 0.000678826040586222 -0.0192252311775751 -0.0730648640252424 1.52581008148393e-05
"fs9681.of1252" 0.119542523698321 0.139945569688241 0.0874025590717085 0.0567070183953949 0.0316248167528618 0.128055451795884 0.10860166374106 0.0850205224474288 0.0429586748566924 0.157749985790685 0.199822314031759 0.178223688946169 0.00731907532098541 0.127118599271505 0.171280274693089 0.16851583941384
"ob7283.be7256" 0.126603839401397 0.104523916640708 0.126984365634339 0.153300123369201 0.141435527638072 0.145988373403682 0.226374209892854 0.250636841651834 0.158602703126212 0.228739788331015 0.274385851294275 0.28910281347144 0.193010078685942 0.300693580693665 0.342477604608417 0.362263172613579
"xl995.ny6429" 0.119073288585252 0.0894890968578104 0.0263893890535078 0.0459071891368507 0.118103582063709 0.190442903039728 0.265556599864436 0.253757374879532 0.133125114813849 0.154234880237031 0.260139531622204 0.239368182442608 0.148356191706504 0.132393437285043 0.256081303408181 0.267225342309607
"nu868.jz5835" 0.0280554245591697 -0.0387616408195489 0.244166203644205 0.141264747893208 0.0605397665370762 -0.00302651787538373 0.275964944781831 0.175539985890276 0.118656605004583 0.0356171114966892 0.331286226359476 0.257176769305725 0.0733532486320661 -0.0246561968483905 0.27186982765468 0.197348928991015
"gc2234.jh9757" 0.11116352842633 0.0929109280414923 0.0658215570164675 0.0916550913049757 0.10639175136089 0.0930931518566273 0.0789664073729015 0.114836762674042 0.18436784652522 0.142358964813196 0.186952762772071 0.173898726512098 0.263305991019197 0.240378659072218 0.235248318580022 0.251761982600213
"jb2591.qr1593" 0.288338772606277 0.366698334212788 0.349013637773814 0.333223222870142 0.255329171947594 0.327823704611459 0.330342445968152 0.31071498061789 0.322819957513759 0.396266065166642 0.334717315422754 0.39217404588028 0.32135379375589 0.381834336981211 0.36226080178574 0.377826768803452
"dw4092.gb9984" 0.132016089636693 0.096053810017041 0.148407954746927 0.182398316258794 0.196845516434863 0.0856933471708714 0.127631765867659 0.234438140291918 0.154400056592971 0.129415587927304 0.191345494948388 0.211837890472293 0.177312318938622 0.109059840609234 0.178905751478695 0.207646035499802
"wq7313.nl1099" 0.100852455239587 0.112700507494074 0.291863634407882 0.257951323380972 0.0613349877469314 0.0990323993410086 0.334091512533725 0.298496919179385 0.0745835878620029 0.115493859866767 0.316080155252608 0.287441917796948 0.0626049698688816 0.10200306254382 0.335890082681705 0.310483801078511
"jf6228.vu5503" 0.0611482988438526 0.152855643744913 0.109335449619086 0.0984431074457819 0.0899848967350576 0.107555891567346 0.216577883620806 0.14282458167258 0.0160484845536416 0.0336649607874621 0.134239680793373 0.0881842984855661 0.11210261545312 0.136237133688529 0.220966320811051 0.145734237591456
"db6412.ux6584" -0.0224043489165599 -0.0288713753943469 -0.0576313076760405 -0.102052028723759 0.0047095778430982 0.0120600432950959 -0.00205026399257214 -0.0162523616081856 0.0267902595533119 0.0048264437932099 -0.0341635761366217 -0.0407491427792754 0.0635672745737076 0.0809232731624794 0.0429424999031704 -0.0644495153854752
"ag5213.oz1883" -0.0881882978388852 -0.0728163898211783 -0.0795165045814859 -0.0553360855086575 -0.062990424569799 -0.0692444166156373 -0.021901468791099 0.0224807960193506 -0.0846606375897086 -0.20108253244387 0.0997385020038647 -0.0723113436455008 -0.112711071332075 -0.108146039882915 -0.056774636416087 -0.00346109566489018
"ie8874.bm1248" 0.0528435858722935 -0.00971053843383658 0.0358466379223912 0.0180921785632101 0.0271542953910119 0.000416130740324698 0.0646210181029508 0.0469980032283839 0.0600859872431456 0.00660593309443646 0.11327437149193 0.0730033062831595 0.0198047553847086 0.0112623485344866 0.00725528549801661 0.0103281711639164
"ov2980.pc4750" 0.206244932529618 0.227525695293634 0.213072316010273 0.225465870495929 0.160946296395393 0.278328220205345 0.264140771841504 0.291934509012526 0.119837293123258 0.223617639966508 0.319571084476568 0.313301241126896 0.201399643209216 0.369245393764556 0.329005731840608 0.341138897769619
"vr4751.aj8654" 0.102673528656385 0.0580643132793548 0.0886515726949576 0.154044209185328 0.130255668670575 0.181043616198642 0.24217025645329 0.220272212649786 0.0843020131990313 0.185888808936631 0.22766974878991 0.121424611551445 0.125767088255124 0.210051441897738 0.293263710395638 0.182191584878398
