"0bkFace.0bkFace" "0bkFace.0bkPlace" "0bkFace.2bkFace" "0bkFace.2bkPlace" "0bkPlace.0bkFace" "0bkPlace.0bkPlace" "0bkPlace.2bkFace" "0bkPlace.2bkPlace" "2bkFace.0bkFace" "2bkFace.0bkPlace" "2bkFace.2bkFace" "2bkFace.2bkPlace" "2bkPlace.0bkFace" "2bkPlace.0bkPlace" "2bkPlace.2bkFace" "2bkPlace.2bkPlace"
"xi7403.lq8033" -0.053071258256433 -0.0401594396310871 -0.0628049157886532 -0.0580549266747447 0.00298868136449686 -0.0164925770537578 -0.0235879871997724 -0.0363946354721589 0.0275092526310681 0.0481883792545573 -0.0260375404341682 -0.00239858405610194 0.0385654293450341 0.0630066018251507 0.0205648713269617 0.000374169545424391
"ei1052.ie7709" 0.0775443682433047 0.0737321226161971 0.132948792809843 0.0708053740897202 0.043169369179796 0.0128712408584128 0.0590288614257289 -0.0105254205447111 0.00796386345704754 0.0571174746776066 0.0686990246958286 0.0502959780624661 0.0652924615273247 0.0887371343145061 0.103502642457252 0.106924387714254
"bb4934.ly3200" 0.0296928591476022 0.135511657336331 0.0733384034716777 -0.00306005385798242 0.0251876316518397 0.0517344382385283 0.0336029379538433 -0.0852106768850597 0.0555453117199533 0.127490864556287 0.146515842912954 0.0551029442436903 0.0951927324987985 0.176287022698372 0.170376628575478 0.052951604382846
"th3865.mp3370" 0.129393889954623 0.106940027690928 0.210502197123599 0.206622675954877 0.120481752511423 0.0929072455949022 0.0616467955470435 0.0852421762591561 0.103736942948831 0.0615166843252009 0.14445800990294 0.132396912334001 0.165864419383457 0.0759942073963335 0.0959311971925566 0.171704622534812
"it8300.lw521" 0.0461932346935629 -0.0182484472474634 0.156981717202452 0.0770090686835346 -0.0175409535091976 -0.0324962158982686 0.0312757875789549 0.00560704284727367 0.108046772337006 0.030673843226613 0.148826039751447 0.0781490373934914 0.00697963425529977 0.00489846104024888 0.160864307781596 0.079644886445435
"xs553.fe3118" 0.086197747018709 0.0805536125313684 0.105810342255693 0.0966897744934889 0.0733277287549563 0.0190281773947312 0.139994339619961 0.116475083637686 0.0519122966749476 -0.0786234051571807 0.118036231462109 0.0922260483474523 0.111822968456391 -0.0453909718540284 0.164105117027852 0.125668238695913
"xg2390.ch6597" -3.58356920493113e-05 0.071905565003059 0.0444120904607371 0.0305891066499502 0.0146843151323343 0.0938431372153877 0.066296398114034 0.09187159931608 0.0115185072696591 0.114559639944318 0.0804425293810309 0.0942499018541504 0.0252027739811985 0.0990490871403127 0.102822537230454 0.0967513722082908
"vj9648.ym4818" 0.142282358090126 0.124255399467167 0.121664625140086 0.122072912185506 0.0173738734167779 0.0358545878528606 0.0637958085873159 0.0586856689762044 0.176733580560544 0.208502862560047 0.232463343380084 0.239002259361777 0.103304194069329 0.0896659735305694 0.13243208249218 0.146519848921005
"sb5631.gn9389" 0.167271873547317 0.138074730364915 0.153778204399066 0.133572972632735 0.141218870488467 0.19353811487891 0.235266911152197 0.246774824006428 0.15447295334949 0.138015631596433 0.228208121657738 0.233964635088848 0.142116862836514 0.154987272564633 0.221947331561379 0.207179743111612
"ex8507.nb2856" 0.0319925393763907 0.193094798215106 0.191689050158779 0.115660612809926 -0.023692929751847 0.0759997051922777 0.198003585517068 0.0200693372612417 0.034466920546827 0.0680014169831818 0.256344628337055 0.0758289955523904 0.0410920041425342 -0.000249328450216084 0.241149786956062 0.0580375364945394
"ba1212.tq9582" -0.0144703866810287 0.0718106615472199 0.0705416416969987 0.0468499976360881 0.0219052248019502 0.122212439210836 0.0687164558818899 0.1182019390717 0.152757053628202 0.159976792215803 0.229057726389156 0.147881811648962 0.0818177668994623 0.142612215562537 0.0963901882636434 0.138614403962538
"mf6943.cc5360" 0.0854711451036952 0.0749600170448635 0.0651060695075511 0.169947713134793 0.136148062907734 0.0960042652329059 0.113229395445702 0.119864611925298 0.0258436135420081 0.0317722993953703 -0.00888798109809093 0.0629894919989809 0.0238914523980097 0.0134454848507467 -0.013961586354024 0.0738155701400462
"zb7543.tg8735" 0.1397995617608 0.0803316825702825 0.083367056534671 0.146397673874377 0.118636986930863 0.0546990681002191 0.0971036733792521 0.176694477750087 0.075678283996449 0.0386643033650715 0.132301074016489 0.180343359090878 0.126385498090506 0.0613872398991474 0.146021027390108 0.160899569916996
"gg702.wc6927" 0.0346016586670787 -0.0178713168547204 0.0350357485378253 0.0732585303188931 0.122649776054062 -0.0321117094369444 0.0272690065727659 0.0618512115297956 0.184654122069791 0.180601323415726 0.104570445029252 0.128736780603955 0.171567616932863 0.190989953863754 0.137208627008624 0.141457234522972
"xl4234.ly5693" 0.0608387599118444 0.0775458823772174 0.162700715893343 0.118575792902782 0.107074310256807 0.108451021138335 0.159447605950063 0.099814925961761 0.0651721438308352 0.086409551950536 0.197563043686588 0.164378363995085 0.100114996836388 0.13834352920561 0.236439798895041 0.186341891866577
"qe5259.vp9271" 0.029698412495022 -0.0177334630769933 0.0647832837494119 0.0425739973776274 -0.0518505108768961 -0.126789791668845 -0.068519237814466 -0.0751834876372207 0.0110316734542765 -0.0642133655320899 0.0193026401778495 0.0263509686627705 -0.0644663141498491 -0.0574646200276105 -0.0292768052070638 0.011347882840684
"nj9775.wz822" 0.0689770367940534 0.0581093787746846 0.0473962132412925 0.0243548222373185 0.126232886654498 0.124610599928669 0.0763351999301946 0.0509114606729941 0.114087285259027 0.160905945500957 0.15133160822318 0.10671300208094 0.131456246940634 0.171768612218665 0.145455868692924 0.0985592247491717
"if340.wp3000" 0.244063309674341 0.194913513176486 0.133558520867357 0.148113954424654 0.201105860541553 0.234902815603767 0.166830393129825 0.172340523231948 0.267840505016054 0.231944945724376 0.213846738500059 0.238575118294408 0.227591636691992 0.245688780849147 0.208671965900003 0.23860947937195
"nl5754.sv3117" 0.147714060077741 0.127123637424198 0.12864373046207 0.179851248041529 0.0811449531500277 0.148456332919718 0.122032966142529 0.176908130496658 0.0115611786860023 0.0799428374413965 0.0740969481921046 0.117897146227494 0.0267411797440442 0.0878364538498535 0.0727905286142064 0.13818426979956
"iw879.dd1868" 0.14310419028424 0.0770337254915404 -0.0572145452484727 -0.0303144466414723 0.0393118959366005 0.00764443875511874 0.0118883641130635 0.0550251338201246 0.105970770061962 0.0582938655647648 -0.0309394467460528 -0.108516467552316 -0.0311229578428633 0.00997782646512321 0.0340963888479623 0.0163490160771422
"kc3518.id8755" 0.0218918686003424 -0.0112985608816946 -0.0115596550708399 -0.00738505538600346 -0.00353478641514666 0.0258244893131674 -0.0470919140289539 -0.0292222936127156 -0.0343725233606213 0.121703166486969 0.139632171611686 0.13630753802848 -0.01932254549253 0.115502399738075 0.0989188038696792 0.143209090692454
"ag9154.xj6341" 0.0495562381030944 0.0423246988559357 0.0315362804302468 0.0135906520291539 0.187476040764047 0.163002889404422 0.179752813275404 0.121235132626814 0.131107355206206 0.12677280281472 0.125778031308755 0.0692293457555875 0.145856484344601 0.169356599303874 0.171834205649274 0.136250890107263
"nw2252.ct4171" -0.105182983085968 -0.0507241027892723 -0.0740275153198148 -0.0488599628780029 -0.0194082090871653 0.0314612447502558 -0.060326993121778 -0.0458895366079836 -0.0591385596210769 0.0125037828771846 -0.0499919393007903 -0.0705013663425207 -0.0297352399590302 0.00121633641548142 -0.0717259602390018 -0.0761594747153465
"jb5735.bf9456" 0.00212096810316823 0.131835629801968 0.0884226597797313 0.019103016467263 0.0661687292840511 0.107205308967944 0.0851741443852972 0.0120705715810602 0.039523429851131 0.178390323894267 0.20496549967176 0.0888624682335069 -0.0290446710199682 0.204555757240096 0.226142681697142 0.123407148874946
"di3276.xt1347" 0.0561927431462108 0.0627233836773342 0.140764585490361 0.0991363393416683 0.0997544381212022 0.100178023193338 0.147349940144682 0.140636085212527 0.0521496256427639 0.0783362011390228 0.218405966051091 0.241856509920405 0.0577071181211695 0.13427893174354 0.206429155431227 0.231571692161606
"yc3953.ot7589" 0.123657578031072 0.215676799729641 0.145363002029293 0.169967524302324 0.0466027134176503 0.0936433904399909 0.115545005929288 0.0952195539029335 0.0369345085953819 0.0745423285533263 0.102989010482538 0.107334822839785 0.0920263581125984 0.164058324877861 0.190095085746427 0.194877155160519
"mt2271.og5198" 0.0244792507117019 0.0120752309188629 -0.0154807400970244 0.0555474822989166 0.0831782675596887 0.198949945166901 0.0735681653759896 0.110477132314714 0.21813253187232 0.273239131493871 0.114959346356771 0.22812226725128 0.138419807105506 0.237707715147555 0.0821588671828703 0.129795031271471
"oa9751.cq601" 0.0575492580359243 0.122770797438906 0.0848977090059325 0.0507817590066623 -0.0127349566618805 0.0754037768052327 -0.0168345416766589 -0.025718644521027 0.115607609658695 0.133479096889966 0.140186738537506 0.0876825599926209 0.093284298072917 0.188567632690176 0.203018074370946 0.108422159179175
"mp1889.mv6317" 0.0771151319681806 0.0685774536429158 0.147605605322336 0.122529781368528 0.101475611095531 0.108307256905769 0.153966986117042 0.112089234203596 0.108370302904087 0.141248735318312 0.1687466303085 0.141583720834095 0.0405241167934993 0.0110768456045145 0.0383138784214562 0.0520387106372596
"gt185.kr5213" 0.033324234111739 0.0999364618329388 0.0729658713553074 0.0872690373180576 0.0511884114776532 0.17475428862078 0.191590103688831 0.158801909621623 0.00297639004986143 0.181686221565609 0.219746498161889 0.204273978983031 0.0109741624758776 0.143659807802712 0.142716220568829 0.153919895183098
"xa9005.tv7987" 0.0849873231928792 0.0114367509389198 0.102194097528353 0.101409757963739 0.239186827765525 0.13399270885748 0.143938321551388 0.22956458406579 0.0336027142542989 -0.0551968103996397 0.0247047465732887 0.0709588974404733 0.150721543818744 0.0177611561262869 0.0600096665563925 0.154968410117231
"cx4463.wl8439" -0.0114302898864258 0.0766027425337382 0.0867675919926416 0.0618517421387748 0.0632145087721551 0.179961837898583 0.174045243252495 0.186245904523494 0.122281762413284 0.257117260408504 0.237982143765465 0.245781723232227 0.054652097078718 0.193905444440881 0.183069406617528 0.197443965806776
"xj3439.lq7448" 0.103663566075191 0.0457085676006607 0.0816168574979317 0.132455569458424 0.132704117222993 0.0437401845468061 0.16947896524522 0.171991752085604 0.165405481958535 0.0592931854747594 0.0924580255222252 0.142218090467536 0.161635959406085 0.0470770258076197 0.111134804357641 0.181985036369155
"bz274.ng7390" 0.0149858593804824 -0.014296152965598 -0.033297889190295 -0.0242345663873716 -0.0354958861890344 -0.0754284156666116 -0.0672186795884271 -0.0393113223393195 0.0169239171894285 -0.0251300122255703 -0.0219664579655095 -0.016880976336493 0.065654392960654 0.034837296101991 0.0387824544842295 0.0336022028785303
"tx3850.ka7197" 0.137679902931128 0.20748571114683 0.191733898027759 0.1550462915717 0.11511773321224 0.194895968370966 0.18129323753587 0.140591295653618 0.105394502299126 0.245609814954186 0.255906658173768 0.245502817767667 0.127070241993381 0.228567651841508 0.213349863536029 0.229238626020061
"gk193.ty7521" 0.132583841475144 0.144784398250408 0.210853809657789 0.143252890846051 0.0975580642941923 0.201955006534558 0.226147382765864 0.122944140660429 0.110886765886875 0.242625162603356 0.307238219251762 0.230024292137464 0.107881668010483 0.228073742905964 0.308647520544209 0.230037881940694
"ql1697.fi1759" -0.0137081605613249 -0.00475003988517711 -0.00239486608474836 -0.0123653608394092 0.0444995440256696 0.0489032491562442 -0.00208280758067149 0.0396094754803052 0.0816211165298738 0.147517906139146 0.114558697756767 0.114458978942442 0.0654989553035838 0.111597882803096 0.105165238182552 0.121394189804789
"hi4.mw2274" 0.0948768993383432 0.108902084653912 0.133883475857421 0.134242280775724 0.025946642357408 0.105937857947835 0.16645557114984 0.1465725749852 0.0289830557519408 0.0229831326939123 0.13502341838073 0.111257407120338 0.0266134829757347 0.0652005893874682 0.134405593946419 0.132811954155501
"dt2936.zp8076" -0.0345098993792569 0.0793827172026031 0.105502390008475 0.127320118308959 0.123639715589389 0.161968309482447 0.177225936771435 0.18804209216706 0.137860167539178 0.219470502870202 0.238705990176411 0.232986266525498 0.0469357997171069 0.170002460913175 0.21797510856669 0.199663531529379
"wr637.ny7746" -0.0177292067277636 -0.0506821169093737 -0.0263972740326949 -0.0808182811326961 -0.0139755813551275 -0.00935412975518113 0.00333357095963154 -0.0277904294309082 0.0228974064412156 0.00395233422650123 0.0788528040679633 0.0433234872683144 0.0178987315591612 0.000242744311137893 0.061841466607483 0.0226165996773084
"mv6385.jr7919" 0.103032613455825 0.217544926863066 0.0829813781517549 0.138862671753677 0.122524781386887 0.229341297801032 0.146285437120812 0.220373280590982 0.162843705183289 0.237437263912058 0.186100338168187 0.242178361409138 0.155433644614208 0.22933293352598 0.182604531798096 0.233025157039882
"in9747.gy3906" 0.123946238796958 0.206523579728676 0.182542962767179 0.205330887354394 0.229510181478978 0.270772078922742 0.174797608402756 0.237195291987752 0.236876847537728 0.282746514563375 0.266070645028721 0.277625034262433 0.185362138914291 0.270398203270167 0.253024709444693 0.259324031166018
"gk4777.ji4692" -0.0457248483044523 -0.0313053911272524 -0.00879041027464441 0.00195682954819953 -0.0419958501410812 -0.0672231763688732 -0.0140058717556698 -0.0247194438390089 -0.0558574156768078 -0.0881890307870926 -0.0457700331214436 -0.00310717635345354 -0.020778382337844 -0.0915429999859441 0.0221597906465581 0.0350348055863443
"yj734.dz7934" 0.128820867954741 0.0443589116670184 0.0650493075515309 0.0297426819794709 0.0788628333838521 0.0491702825573095 0.070230262600291 0.0587214073857558 0.156942036436506 0.128487696345745 0.166617841039644 0.11884238393716 0.0887935739995727 0.0696770410388713 0.0909528036113708 0.0725846273205328
"im7779.lq147" 0.16136019423538 0.136449433634834 0.180855404512888 0.160514256878123 0.202854858294285 0.155028508525935 0.141409876953511 0.165227124298782 0.155166664380164 0.115966565291854 0.121877305658626 0.114579784513257 0.115540350898238 0.142029540744841 0.081733307781002 0.092750138050191
"lg2253.de3016" 0.0325985739300977 0.00983020454645525 0.0765495112378407 0.0285024348870496 0.123998516366218 0.0967543159261865 0.169165019262414 0.1110396088775 0.173126292453522 0.117065578593199 0.205699361712478 0.102275145588395 0.0619521774590335 0.052961781625484 0.107698790152383 0.141562037441619
"gj911.rr456" -0.0591949366226969 -0.0786523478230285 -0.0601482673488452 -0.0482737380813272 -0.0635330179047598 -0.0857325498149477 -0.0389661819824375 -0.0645421842717359 -0.0364808132710717 -0.0171871824483896 0.115270744717363 0.0478675966456279 0.00592187223898111 0.0197891111051917 0.175027082347485 0.111972339449
"ho7321.ga3285" 0.131050768745068 0.153766048405053 0.0426292351024675 0.116412384327537 0.137287278511539 0.189614086643155 0.0917456994473557 0.145839767131706 -0.0191253070596279 0.0849909075704567 0.0236630105027771 0.00459236540367094 0.173640947978061 0.228279675298523 0.123049841388893 0.162610015965195
"nm9643.sn9878" -0.0245853633715917 0.0922951151748019 -0.0409779689332128 -0.0439758120464204 -0.141248611269593 0.00558151712741387 -0.0589088678770653 -0.0635281669210379 -0.0958365744751309 0.0236044716913924 -0.063073488834836 0.00323332952414308 -0.127632362825205 -0.0453539361459984 -0.106324287515722 -0.0190560340835863
"sq7540.oo3267" 0.0406537517758465 0.166689754629512 0.197692833703478 0.117503182536555 0.0447236259486663 0.14364071725977 0.129238659804072 0.0582519918860667 0.0533664517291806 0.188602556408774 0.215872522849873 0.134996096722104 0.0799380734023232 0.150780417881594 0.20063212935067 0.10871109404821
"na1498.kj5306" -0.0527500996580697 -0.0128324837807392 0.0329060217859812 0.0625390397056375 -0.127937936997158 -0.0829028614226952 0.031556833031598 0.0896692762264486 -0.167951789797429 -0.157897296733434 -0.0430902169731913 -0.025518398056478 -0.0470380249457785 0.00258576568840807 0.0642226543841826 0.0343251690779477
"em4298.ty9745" -0.0274983687628422 0.00816685184858546 -0.00156900758260723 0.0295273564111679 -0.0396079470516583 0.000332110495978101 0.0162512567135128 0.00292440515195166 -0.0162732239193471 0.0325569870157006 -0.0256918423066815 0.0407358825440545 -0.00371962050222198 0.0594768343843903 -0.0121954085232081 0.0210810825440788
"rw3835.uq2088" 0.109830196871311 0.0307848753756295 0.0235628010370533 0.0587640975610757 0.101511191816041 0.0851989769002009 0.0521652401113541 0.113171352775241 0.131053386207787 0.0677620595367813 0.074656081460009 0.167115410958469 0.108246646133639 0.114623944524717 0.0379101299110215 0.180204481755798
"hw3146.zk7470" 0.0289326947434566 -0.0966801262142943 0.00657347399289419 0.0877818382470357 0.0647386099259869 -0.0901791424940022 -0.0277642881661793 0.00386793823009295 0.0262646434377069 -0.154040249930572 0.037823614785176 0.0726362883873382 0.0672741572203506 -0.10700097279283 -0.0208854072126341 0.0556178922467446
"kz945.ob5169" 0.108311387510208 0.154348916901869 0.155344056635429 0.122227972215029 0.174775368418698 0.221921325506857 0.262022909713055 0.270789979199498 0.0145757842751808 0.0349812233845282 0.0669454239094521 0.0305509397370316 0.0709216127235912 0.126812999084909 0.138164273539663 0.118234221765826
"pi718.ad4777" 0.210842190115044 0.229848912029035 0.203941973724465 0.14764532072675 0.153539132298012 0.148437776548861 0.122707353374663 0.060919952611315 0.233720587559191 0.244701434851996 0.299460362212651 0.237336647796552 0.229443385475964 0.214622933305068 0.312289003240282 0.245488580050322
"xl7300.rm8505" 0.0210768394892448 -0.0816283629459703 -0.0204332852179027 -0.0484867576556227 0.0705567474080375 0.0441521548143772 0.106135553683511 0.0475337303944917 0.118542554205767 0.0560110578075913 0.091791990121388 0.0818038187647267 0.0804902776199327 0.0455468058791041 0.124918424849216 0.107659254314836
"ds6990.ad7210" 0.0941907329181903 0.0227357652596274 0.0613207556965992 0.0679956910059915 0.0807958974938049 0.0708553600636974 0.0734977668588551 0.00165033297595145 0.047249327975188 0.0719492530761865 0.071684825138341 -0.00728124134625256 0.0333617973792717 0.0394236184604165 0.0704275228978812 0.0368402391886803
"nu7275.ri2465" 0.11222697693819 0.218834044135195 0.106090853967521 0.130489226574846 0.128490340692044 0.257767055414097 0.0919717971515372 0.179584299451238 0.0158451789859687 0.145110984559773 0.089565066662418 0.00776370361565392 0.158787096549084 0.294574682531632 0.167898343503236 0.250317740485676
"kt7781.da1191" -0.0336633917749136 0.0284128543620622 0.0863833932924796 0.114508905328606 0.0744514976175558 0.129573455066525 0.195119440793694 0.156301552580117 0.0869709572552598 0.105257251189352 0.215570563152947 0.165766558940917 0.0408059550807401 0.057160475046899 0.169502172927553 0.136846547430844
"pf1072.dc2170" 0.119006743351109 0.0150870318722224 0.203501598785558 0.158856141090936 0.0552651284557075 -0.0122800253295049 0.174059895977094 0.130573426963284 -0.0176907363698696 -0.0424309896967052 0.127911420281958 0.115808011680016 -0.00691817910659199 -0.00886887579648954 0.150142646324846 0.0861043720887827
"es6625.cj1820" 0.149111562091263 0.20574732309845 0.175092653174296 0.229766293846487 0.0796478500437516 0.116105482981269 0.154573042895309 0.125370333477425 0.246599792515991 0.270623676320621 0.320564180733347 0.321233158466289 0.136967868460058 0.166446697090683 0.243844140380556 0.229023805036265
"ou3514.vu5503" -0.0250145194867693 -0.0208373758759613 0.0126950023779098 0.0199368733831595 0.0890867835630734 0.0651337069254709 0.160704451431349 0.0900440183694611 0.166283965286223 0.148773761091706 0.295754185972785 0.165326093901738 0.138682339128059 0.137890659336704 0.227816499963329 0.12548299894279
"za4766.pe8461" 0.107212580502278 0.0292900585089734 0.0537191834706352 0.0374526864927346 0.131617953585544 0.145713373389034 0.0610829911583842 0.0237677771608485 0.0814325008710764 0.0474672530442227 0.0843641303704716 0.0493487674712173 0.0871446107858719 0.103737924839395 0.0765227008143306 0.0481855244162018
"zv5196.fb9559" 0.0902464187194596 0.111486252256123 0.12212021808172 0.171094034582378 0.0644298567500305 0.128129589117678 0.147258819037709 0.160395437856814 0.0813965601947983 0.145725282087359 0.142615195313113 0.185935749470569 0.0934840628339237 0.12682798770409 0.151162044703665 0.209687893492807
"ri6941.kt3929" 0.05034004836735 0.157056424844626 0.227967626309298 0.143681830216349 0.0961686330037119 0.155384198318991 0.155820250910984 0.149152085543685 0.101245730287157 0.203501171931413 0.285077780447051 0.214896603283718 0.0859171572373279 0.174195131784858 0.316365762695528 0.225210057765924
"tk8020.uo8265" 0.256954042424986 0.215610183436901 0.180826988080901 0.125420714350682 0.25876147145579 0.272264077989452 0.211911703868289 0.149282107348349 0.198493687143872 0.223962264496702 0.182791175051405 0.126911375448718 0.245904530053143 0.214437632099533 0.17292422003108 0.128956538548621
"id4826.nb5136" -0.057467001054641 -0.0650752877794879 0.0929054273888541 -0.0470575609468208 -0.0915413198727427 -0.133148407112548 0.023710025132558 -0.0859101663929743 0.0213870596359983 -0.0338166410384591 0.135158642133747 0.0185561129897744 -0.00274633461905101 -0.0356952442412687 0.12090564153017 -0.0163109264181808
"br8986.zn8436" 0.0113180622483375 -0.0992077652752491 0.0229905374282693 -0.074893445816775 0.0113598695757076 -0.0362851619495772 0.031641647790081 -0.0289087829420226 0.00989929117900987 -0.0627810248853131 0.0105561144508609 -0.0554819835574502 -0.0313016933118533 -0.0598510002813702 -0.00294401292234374 -0.0248728438565054
"mw4145.gr5225" 0.0834553102062798 0.00852084450653473 0.0916106302177181 0.0216392640790362 0.0758515639623441 0.0573521795480766 0.127688988544971 0.0985062196869617 -0.0125715122263214 -0.0296209873453421 0.0540305577901234 -0.0359409178659241 -0.00108363857855988 0.0357522079810751 0.0651024009238973 -0.0219366912128609
"ap7783.zd3162" 0.0272152443613981 0.099969878999 0.10448775613444 0.0821162988423081 0.0586689688200885 0.0737933749806389 0.0711143513069833 0.0683543566789345 -0.000764235228931793 -0.0150357814944619 0.0714999772995496 0.0166858971724201 -0.0352220064910033 0.00446804559964287 0.0342227804670499 -0.0241176835273078
"yr3375.qp5149" 0.0682472908952798 0.0495997640636517 0.0528653745880526 0.0402417571928772 0.131621736214034 0.111900516477585 0.0891500769826463 0.0913061475609749 0.0990812858796228 0.0352520420928178 0.0894543534877739 0.0463512126263942 0.118583300814992 0.0985973748867065 0.118783131697736 0.0944734966733119
"do8174.nw5058" 0.177546658611658 0.145715927992867 0.204668462979424 0.226485127129237 0.153219037864678 0.132702572609065 0.162902577201449 0.158315102808865 0.189429247465938 0.199997855672219 0.227368560987523 0.23405096893415 -4.05638393268486e-05 0.00919865930984919 0.0774352722532312 0.0593126160817225
"ju9775.bb4537" 0.0368413272591687 0.153359088313806 0.0917108761473905 0.0371785430143309 0.161262046795698 0.312657188398814 0.0920428588578841 0.201357451936268 0.147587406685091 0.258994080513838 0.0267082385215212 0.161893414201987 0.0879647521308315 0.185322974911468 0.0278913044101181 0.140299855176238
"pr2765.ym4476" 0.150257085590588 0.111947612940702 0.161355772118771 0.186985960760688 0.136940202736066 0.156241788946888 0.125299607467911 0.166661729016954 0.213607940883302 0.188761372375507 0.210068284444031 0.21908949151227 0.169833807752156 0.149150032834024 0.174639456482006 0.231554389158926
"gp7471.cx9808" 0.130149785047503 0.192980340542711 0.122195585429787 0.140026781644479 0.165597230705261 0.210788139865717 0.173060531342958 0.196223979047983 0.262530519924432 0.324650930291899 0.281479446299434 0.336408460911846 0.21280177582336 0.245409207076986 0.217834915726783 0.243156389776824
"cj9450.dt6892" 0.152061177684243 0.168799113790107 0.127846256450345 0.114738530518529 0.158871924345151 0.212623125954637 0.112906125431321 0.15206115183105 0.177805761721429 0.175460748436479 0.149040634711314 0.20238590841471 0.182433892927631 0.189105726980084 0.157879039786551 0.182058455761097
"zn7696.zs5172" 0.099415491705796 -0.0242186739225315 0.0411909716867538 0.00852791817561733 0.136103637655918 0.0380728089436295 0.103035129585972 0.104093619361183 0.0891269851621048 0.0459522569493376 0.165086375645099 0.125718437870446 -0.00611545227201608 -0.0431597796734354 0.0852150399317484 0.0710963786159311
"bd8517.rt6523" 0.114839731322397 0.140840314151505 0.100357621420662 0.0475454639626084 0.12127411179678 0.104601850787159 0.0632664410471687 0.0132173101284087 -0.0857797820788103 -0.0165032243148536 -0.0102361835007486 0.00752767111408089 0.122680524675979 0.142311788811105 0.0738642593807611 0.0219390378429508
"qg6812.un7328" 0.0759251091927072 0.0479388701065906 0.00296291144784134 0.0320950580828607 0.157885478407882 0.170930289717022 0.0802926089921264 0.136079496837758 0.232000617797388 0.221406686700503 0.223432894393704 0.244213606417223 0.241863850533059 0.198813953172585 0.22146356494416 0.229321359279799
"ca5018.fd517" 0.103750069636769 0.183425423296665 0.0749108050250732 0.129404664613918 0.0820886379344605 0.155397609159078 0.0464759789103845 0.088854086144475 0.0652813135986241 0.0659731495504787 0.0986925155369169 0.0935676226961842 0.100065694032738 0.157086946616464 0.124104061987596 0.149434268152532
"pc3748.jc6534" 0.0830056612365093 0.0525197562874854 0.0771238772900711 0.0912748065849071 0.0960125196514224 0.102180899919864 0.0527090939869725 0.153487562520727 0.112487720083136 0.108956832417601 0.125959249749626 0.172385634580139 0.102176278163488 0.0576712418029402 0.0445981510432521 0.127573381154653
"ai7564.lv8272" 0.173209353731766 0.18636483461274 0.114571831996399 0.132469838599881 0.104433968553405 0.125845645132759 0.098351386790587 0.0975209018995048 0.188942781382311 0.160868614855202 0.120664025862232 0.166612828756642 0.17029766337802 0.15305998053901 0.119753894869699 0.158624226099414
"jd1964.kc6064" 0.0310605642054102 0.0805786521321523 0.0668399559440128 0.0410444330134293 0.010870140012026 0.0493647612997689 0.0429360380082264 0.0346636273662107 0.0695942389917595 0.0760084363687427 0.0615707824581223 0.0634239353583358 0.0367023115437712 0.0605794736635738 0.0997139465292969 0.0674453305961853
"vl7071.op9792" 0.115609437828291 0.109875407914894 0.167840785768939 0.124094562615828 0.0570301133513965 0.0880084958032718 0.13360027197853 0.0381733514163412 0.0916875937729088 0.141890698393639 0.159260319102982 0.130989849945224 0.0724885277742268 0.131269304141879 0.19666361486128 0.161933582666562
"pq8384.mi5876" -0.00010380469157151 -0.0227507515844943 0.0776804941893407 0.0771430487034535 0.00556225847422417 -0.0017498201626634 0.0933481408383002 0.0840667915643496 -0.0246507562628141 -0.0214699377877322 0.0997380492255787 0.0814573733911272 0.00708499085188868 -0.0180986723604334 0.114497668762037 0.0818864422834784
"xm7788.di3023" 0.0207552068331645 0.115340059437547 0.110545398819879 0.0993533753808513 -0.0381509067003951 0.0624738177586249 0.0596986353718473 0.0389407322239549 0.0372640867296029 0.114801682452564 0.0828739152363796 0.0736866956207789 0.0461477385367811 0.131258947757314 0.120296948248296 0.0982759057610641
"go4030.yu3541" 0.142914948353845 0.0657705384607992 0.0374080846108371 0.112319036519186 0.0953231776315838 0.0518416826876273 -0.023845005754925 0.0529793136073381 0.174502531399807 0.108835284388799 0.0301864991066526 0.144584128763788 0.205829135611579 0.143023969439552 0.110561861336818 0.194505526880149
"dj7661.mb9692" 0.211381008837725 0.371811276320928 0.122418543863311 0.1436407374968 0.0439224373934483 -0.146541240431047 -0.0820424622493803 -0.138139185417534 -0.00628553033033036 -0.333669794708621 -0.161327003276689 -0.224407598247081 0.146932256835123 0.0609427385552991 0.100197425885516 0.0578382116970672
"oq5597.go2095" 0.101454887622876 0.167130623516605 0.198491739558532 0.121261802350473 0.168000191162939 0.240014622132226 0.1847293186099 0.253875646586411 0.14996229329348 0.265087739567157 0.19496120787407 0.246097683676651 0.156103821178517 0.25856264117291 0.147720522278916 0.212157382730685
"za7204.vo7446" 0.180661254287171 0.133680385267812 0.111437789660128 0.138419157277338 0.0793042630022742 0.0314051635032784 0.00253872987017204 0.0732640526438161 0.242493732352292 0.124911978441042 0.256476325504533 0.192895684842456 0.200876391357269 0.0900494320177202 0.228339234437892 0.148693201949785
"qs9711.vs5826" 0.0236358339434197 0.017637795578343 0.073743897078022 0.0333118528337455 0.128965633999861 0.0435892538788173 0.170828470481773 0.119589638730743 0.153115973834727 0.0614187144341912 0.200405628870688 0.156574639673826 0.187216179506846 0.089236483438143 0.284528294541184 0.227335198358025
"oc1318.tr2659" 0.223257389834058 0.289769731570776 0.32161152058161 0.275831630195016 0.192829524223935 0.213745703105192 0.248285255200855 0.23901223677737 0.197096961886841 0.27790918919235 0.326365223274359 0.296812385745177 0.249012225963576 0.286738937881906 0.336753449629807 0.289304379647755
"st45.kt9829" 0.0669260411251421 0.0399165907616597 0.0831287181746857 0.0695300862630657 0.0315789385146176 0.0366348067967799 0.0309448991645262 0.0350847100000835 -0.0171681436514831 0.0997414222398338 0.0422987773095161 0.107707216492414 0.00594900456003524 0.0675035179359682 0.0160661709331417 0.0588026588975882
"hk7512.bn7978" 0.0512886564104968 0.100803731165532 0.0637453569891328 -0.00355229017971939 -0.0133982291140649 0.118599969223092 -0.0182325999842584 -0.0827388327861082 -0.068629085936124 0.0699180402637029 0.0811553229133464 -0.0549674661730878 -0.0125820783982862 0.160795632729574 0.13488044852355 -0.055110912697876
"kg1432.ml9653" 0.16198162819522 0.179723104936274 0.191082521067967 0.208385237431747 0.146884048662488 0.160093401417029 0.178266423997801 0.166095302685664 0.161225396461999 0.166701540769246 0.290590945246321 0.242682822846231 0.176430332860644 0.186439920790142 0.274932232106832 0.254451857011046
"gm1079.hq7147" 0.133520705932896 0.13203855874472 0.11093539725636 0.143494043768117 0.181673012925315 0.186361378083308 0.25418334779309 0.234742094641046 0.189399645950933 0.204883269269205 0.187870992263431 0.253822568489176 0.178168839650397 0.162634625110801 0.190482586438528 0.211830955222835
"fp916.da6972" -0.0482156522325844 0.00923449150444345 -0.0375390940360513 0.0119686493523423 0.0125200998048455 0.108495714073006 0.105621631785392 0.0194492795699107 0.0206114254192809 0.0707397619968914 0.00473097030451076 -0.0315599497196596 -0.00331571838979042 0.0449336859135349 -0.041933310812836 -0.0763996139450877
"le5590.tz3071" 0.168461784967299 0.132196586123211 0.0980642839473487 0.120093394550327 0.173272468165142 0.161504943067229 0.181176467059439 0.188664760725832 0.215627289991128 0.173740956161145 0.290853907508654 0.262389675520191 0.140326404960078 0.123433625479943 0.181673304852821 0.176060597114641
"vh6049.lh924" 0.283952056613621 0.281771426934237 0.331127085419735 0.283850687102668 0.3013684100205 0.345424060676238 0.372444856823313 0.340096999069758 0.250190658643621 0.231461729624716 0.320798608811841 0.307208132420641 0.270754787510034 0.320810268406036 0.328361450084261 0.32124519161874
"je9720.ay5994" 0.017713742020974 -0.010412039375313 0.0710436803271552 0.0927654899477058 0.0350336708828099 -0.00416181150275183 0.120066060468745 0.120342339560205 0.113027598773346 -0.00348616758023988 0.137959241032099 0.123087586243239 0.088456300079636 0.0358885523269393 0.177046537158229 0.177190801582772
"mn3104.dp1391" 0.15125187488205 0.09898936400973 0.052823828932072 0.0526662063974352 0.204965240842698 0.143925031473152 0.159092583767144 0.126408362596367 0.164632571718234 0.0991844678677525 0.105820827493391 0.0652184987895764 0.152588644577575 0.128612432594453 0.135500473745928 0.132693964946189
"yh1567.mg4903" -0.0154165848835417 0.0243889455094423 0.0473790676142562 0.10756145662772 -0.0762272246948477 0.00163029366159256 0.000786239653834819 0.0404446464431818 -0.00748602718706431 -0.0297604324595089 0.0216105413830078 0.0582275485274084 -0.0451811615599876 0.0168027237080775 0.0283265491054359 0.053406268244604
"du6146.dj5547" -0.0218769582258394 -0.0232331817248614 -0.0175710745916189 0.0136134811793388 -0.0749396069498195 -0.0977758127244199 -0.0875103395706682 -0.103701470276351 -0.0151411621976195 -0.0125528947524277 0.00599732184729277 0.00550273532991856 -0.0695241151009764 -0.134425387020675 -0.131086963442139 -0.0895835872653822
"dt4657.zi8301" 0.198655984652935 0.185607754725189 0.125069126742351 0.143519417572678 0.181724838408382 0.169645143936324 0.136742451654286 0.156698617976583 0.232106465644111 0.299222645673834 0.21721005395993 0.208536683883716 0.24329343475513 0.294325436117951 0.187865242075091 0.219310197141667
"hk1453.zf7959" 0.126229900301197 0.0739726744374061 0.0704900300775289 0.126142797106656 0.17255081409935 0.115418855491213 0.069549815394468 0.159757852241855 0.148419491319985 0.117374702078636 0.140350563545146 0.168706666855546 0.0675243721584781 0.0195271846467935 0.060742803342548 0.0982984679389778
"sr7236.ji526" 0.180369675788717 0.182166237252327 0.0930289809064642 0.0964133658717212 0.146432278797278 0.172166932897348 0.116647390320261 0.0611213403384889 0.247201629134272 0.253548698192132 0.180426018384344 0.120523266833124 0.122110178288215 0.175104408040245 0.119471363857037 0.0678978672827899
"ri1114.oh9470" -0.0177626425569114 -0.101898157886499 0.0318380859823395 -0.0407886972953607 0.00511245467508897 -0.120710133517356 0.0249594562568847 -0.0342088973203684 0.109060784488283 -0.120776043473369 0.0861758425713544 0.0390290150571605 0.0771604326813777 -0.101188988664269 0.0114563337989778 -0.020652818977988
"yj7782.ok3739" 0.0558720792366368 0.173997596865555 0.179792530433611 0.246282505581311 0.0399971165660507 0.0930358465313306 0.0896669854368258 0.139068477477044 0.0092347350347847 0.181542622004234 0.129514174439861 0.172670327162645 0.0326028713037122 0.190211707505699 0.200676341309788 0.237608327921561
"my1072.sy3284" 0.299531028943921 0.248264673379388 0.258552536141308 0.25816708669048 0.170759481241205 0.14100088676285 0.20359971326166 0.189748679670179 0.235105905521205 0.23437112329264 0.273887707145005 0.29048339494849 0.288658027819402 0.281355976831164 0.28344943762746 0.307962559347731
"wk2336.wf9346" 0.0396778290424089 -0.0213473491273488 -0.0234786483444362 0.060587863957153 -0.00732241910196527 -0.0029885774511191 0.05263055267736 0.0155183958626569 -0.00724075709096221 0.0220381288798017 0.0305946232821951 -0.0185176995431792 0.00156242584652014 0.0820039384986474 0.054430304321054 0.0437157597183536
"ll535.ag1213" -0.0831614346222039 0.0698317337800022 -0.00186671698357773 0.00765593058332879 0.14238317161027 0.153149649514506 0.167174770116288 0.184806617743977 -0.0230320851843627 0.165826844610576 0.0503587039853358 0.0966322070948142 0.13245061525725 0.201765880584829 0.182444036097909 0.233674773213355
"pa7039.nl1099" 0.061417479896545 0.00161239160098764 0.0121740161693972 -0.0027178686043845 0.0375483428268395 -0.0356971388570705 -0.0601201239690095 -0.0773440972207401 0.0280878862692912 -0.0286099172468639 0.09430832596455 0.0835649337312261 0.0463706063820367 0.0391095116987242 0.0833377880032722 0.0719878829679081
"xl7979.wq7313" 0.19061354493811 0.0879070736298296 0.132020140311138 0.121552465239715 0.165438401323976 0.1213768442978 0.107893582895647 0.154659034768233 0.2766915939871 0.148039568834529 0.237228470506319 0.206960972725671 0.19569974593011 0.115202082697826 0.168566403740938 0.129770143977445
"nn8253.uv5276" 0.256935002612837 0.214227179469466 0.316625106353586 0.282147084234892 0.212515701787589 0.187029903980756 0.284092084571922 0.296262095498039 0.234717552974089 0.169257688719453 0.336004629482359 0.289076434517193 0.196365160715274 0.147507876440814 0.288435994753605 0.248588944969324
"to4873.aj8654" 0.0547241978456315 -0.02291906158526 0.0418066729420758 0.165249074897621 0.0494767486131977 0.0783475269672259 0.231953220172889 0.13122339340609 0.0356493557872081 0.0688066309473594 0.224334163357967 0.15628958155307 0.0172434604088959 0.11309975363737 0.252985607101491 0.202468105713481
"te8356.js8365" -0.0175192254403603 0.0555058634762826 0.0560016262352113 -0.00339530920781009 -0.0253213604284499 0.0642297039358895 0.0844033936975318 -0.00142602681882655 0.0133969886771121 0.0944312742812994 0.242472784100767 0.131949685842554 0.0199900825655362 0.152707614776344 0.211311111979258 0.0705015441980634
"dy8299.qx3978" 0.175212293932242 0.0963859889983852 0.151821688250252 0.189876172735352 0.173080810050004 0.135010149748897 0.192287638013494 0.246509965258476 0.142613318509605 0.0796140509820929 0.184521514641906 0.211795300169432 0.133126564097407 0.0597113394151594 0.153548081658545 0.237807144352147
"gf8020.hx7747" 0.161029135759078 0.0544336381586353 0.0981368866226423 0.0806132712061252 0.108803467725778 -0.00364655400624745 0.0101886359489653 0.0461508539507342 0.205073825403441 0.144205416154737 0.189652327313967 0.201288249369648 0.164635798226176 0.131998964749224 0.136410961557696 0.156435541469693
"xv7888.jj546" 0.112051445674409 0.121594298042249 0.17833089217661 0.203409720304485 0.0901662141230112 0.111879923657041 0.101870229554285 0.176682882119654 -0.0200121862369077 0.0947364094340201 0.142414782615009 0.123489173586246 0.093690528043451 0.144184928817095 0.190454627835719 0.150980304515858
"yi5809.oa5981" 0.168334064157861 0.0890244769217338 0.0981464561856728 0.178654044490496 0.14203146979372 0.0821609015386215 0.115073248682621 0.185457489272457 0.188468913482414 0.175553623201614 0.175542567074363 0.229206125866452 0.156113398008545 0.109256590629281 0.152205909194631 0.207786354032378
"rm6723.yj5227" 0.108849933692761 0.0968986944431481 0.111623665406109 0.0904470023853822 0.210042704542052 0.190606892289922 0.231496917639754 0.225614478765592 0.199799340551355 0.185586140822865 0.277589999916258 0.254100543293804 0.16760568403438 0.149767947158623 0.237089826591327 0.213551614675643
"xf129.eg7558" 0.152372035540493 0.0597396936267072 0.200962738903738 0.132993388804543 0.0993414331248379 0.0539263980184658 0.165243797699725 0.112295105966883 0.0799644209958541 0.0897094243634368 0.25093963863328 0.16953914510029 0.087208521585242 0.0760533953885015 0.218745136596733 0.142470308892987
"lk7580.hv1373" 0.170492973053859 0.127763939941329 0.193382124000427 0.156999842013833 0.102318976635394 0.125396010641786 0.158555190834547 0.226325854803776 0.112002152063363 0.116712137866188 0.208548178594585 0.23918402556072 0.0611080041970263 0.0864924981556678 0.174219553141134 0.211254618298653
"bd1678.hq2337" 0.0916180912647585 0.11151115388441 0.0956425139933257 0.0947762448766079 0.0926010479170936 0.112940409473352 0.158494665891648 0.153288192920698 0.233737331276848 0.253275620075498 0.269778465441734 0.302794508716985 0.184158792680929 0.196741432506921 0.241268184045693 0.25401975903762
"cg5851.lh5049" 0.263519619523728 0.300672694367817 0.216585983276556 0.300967130540726 0.26300704626548 0.20324785430346 0.122677453206537 0.209965773663989 0.161206616330155 0.120001143434827 0.0888952759929968 0.168339376599256 0.185654541099459 0.20455901911566 0.173218294247734 0.213553942563317
"mf388.jf6228" 0.0685787794400143 0.178515795252582 0.180132078762894 0.165805930077387 0.108283314656214 0.175236336272659 0.145970922751012 0.172937036175135 0.0837909371220251 0.267739518265818 0.225486043318451 0.248874536664225 0.10241813302609 0.228008751220703 0.191090650657717 0.206822548797489
"yr4229.jb2591" 0.152556305463667 0.16303013024448 0.15227948748152 0.204801552545453 0.215730318482367 0.224226646744716 0.124990082305489 0.183780061987378 0.256187075012062 0.284665659465495 0.213408870437094 0.276629526702832 0.147671409841921 0.199287673647076 0.135733327488407 0.170323151157823
"fn3311.if9016" 0.107277393581088 0.0306901343185797 0.159397958367187 0.0771142095508631 0.131548435617937 -0.0153931719624209 0.168170055732125 0.0398230631486156 0.09746251014644 0.0575253805464851 0.200777081574829 0.0514363699827147 0.0465760334609316 0.019910154701722 0.181785975606788 0.051137667840753
"jk1749.tr3760" 0.0837641058704187 0.0388890253654153 0.00398156779413741 0.0397726161016129 0.179730614507471 0.139369253788183 0.0732067202831089 0.0893774263465624 0.150682407495439 0.130056843386764 0.0678665777842437 0.133033683686579 0.122521197050669 0.100286610837626 0.01067842090148 0.0766648694898377
"dy4972.hr2878" 0.142938593569792 0.216362977674108 0.00105521410874621 0.079078760027212 0.226009772510216 0.331520276056312 0.131158745830835 0.182322507219496 0.0953022644387819 0.225829730854659 0.106755883373104 0.117467063235004 0.109230190891601 0.238726160728281 0.103517742712551 0.128743203971343
"ha6858.xl995" 0.0582430015906697 -0.00214736990542837 0.0235536249419566 0.030170144311153 -0.0725526922466237 -0.140588544227687 -0.146933208232253 -0.159489662486443 0.0485143232490493 0.0278669111432666 0.0586950713013715 0.0412900855184059 0.0632155848789216 0.0746889008540094 0.0790038786035353 0.0481138991788352
"rq6067.lr2953" 0.0265980307583686 -0.0237451904835344 -0.0162687958268514 -0.0357461719027361 -0.0270197087901295 -0.057167838712732 -0.035179984090564 -0.0990914874134636 0.0300801658045102 -0.0306429045383434 0.0358765559795401 0.038392039208482 -0.0584973946372168 -0.0724298220355543 0.0232603416078658 -0.0242642640817512
"vl2882.hb7546" 0.0748837595795023 0.0956344517398357 0.0607879464151868 0.0606033583710592 0.00561812199382321 0.0403219236948082 0.0167289973876953 0.0391264425818499 0.0402101938132274 0.147675245187056 0.165648321624822 0.16740104543856 0.0251094228665997 0.101085160766601 0.117482157750264 0.106904988548753
"bx2695.fp5315" 0.0695872205277753 -0.0189215878552456 0.0129477695181381 0.0122086344195013 0.130332087345934 0.0281791097851508 0.0698650371536237 0.0734016476352774 0.0140975208972149 0.0404222731628711 0.0761161945214808 0.0911213710888071 0.178404314814696 0.0679227891830654 0.0797717979751554 0.135012248942481
"ah673.xd5612" 0.0963973313910201 0.0438133579609876 0.113472672950464 0.0770123420148839 0.0981809365329322 0.0202818438659243 0.121521428695016 0.106731387709193 0.119381713742008 0.0495863014090186 0.0962832213822531 0.111624639436957 0.134604301157812 0.114429878941036 0.136200013246058 0.1387275207568
"xp8514.et5333" -0.0298888460425429 0.0242296756639608 0.100931486760846 0.0324487321826895 0.0782211416270061 -0.036396992208869 -0.0395637884860559 -0.00974523213645568 0.0845151455320147 0.042184719345836 0.0515659982517464 0.0781850661430524 0.0873577727923421 0.057717836837523 0.152442765774874 0.108701386674471
"ex4669.xz6210" 0.136081771437168 0.115846745273235 0.147367176613599 -0.0576252433032835 0.0924832007210908 0.129598933451928 0.138482218522249 -0.0310138287485168 0.0491407846543162 0.182559856362978 0.19705612241941 0.0065199381652813 0.113183169685848 0.218238671773237 0.275676633617657 0.011529798133021
"yz5396.sm1241" -0.00276095306514114 0.0162891808426519 0.0245671070768265 0.0330613032003875 -0.0646165020251828 -0.00846239994528921 -0.0326213473423519 -0.00868464610706073 -0.00476222479186566 0.0741253185998606 0.0869921386947247 0.0569641137504078 0.0440462237302422 -0.00754700871206973 0.0385996548441753 0.0244974314608785
"kv9422.cj2737" 0.0616200935869134 -0.021540985427377 -0.0405854146072892 -0.0486765863747013 0.105157005094665 0.0672725052228211 0.0447667030267773 0.0411544088365269 0.168513767545995 0.197526743628271 0.221163334654571 0.138960172546861 0.19300878024761 0.158865580541695 0.194600161263618 0.18126146955301
"gs4172.zf2566" 0.167213378259001 0.220376488801432 0.224192968100598 0.151366152079467 0.277057949034692 0.294450615636892 0.291887522050481 0.252849983603755 0.212526908279252 0.240841787644742 0.309658250218177 0.29701014582764 0.234435751982307 0.260107767590113 0.315331467785385 0.291437194692253
"tx5670.ju1958" 0.0731398867475142 0.0315323494842444 0.0469316867736543 0.0609156780410209 0.0596002008106052 0.0676210564555336 0.167386776649475 0.112782178050261 0.03792271215584 0.0847125703731988 0.192284662085404 0.12917591675379 -0.0137751025843936 0.00241662434476418 0.151850683071789 0.123690150023213
"hp4157.pd58" 0.0649162687061864 0.140600775621533 0.0416884309108486 0.176762296042868 0.120154240120402 0.0695626200582266 0.132680163256256 0.183943480449578 0.0263277729081446 -0.0403889644893829 0.166277952435915 0.0906715049707912 0.0683692003697307 0.0101210686650601 0.168335114048653 0.137184351993606
"ew2469.eo2587" 0.119965229859487 0.0858560702669236 -0.0160467563258918 -0.0271272420254566 0.0817408790010864 0.0710591389163502 0.119325137082976 0.0550154139817515 0.0345834735322079 0.0425060802811696 0.23320121331043 0.163424457233779 -0.0167119664464307 0.0660062217693696 0.189855670690494 0.147477788026101
"cz9241.tk2136" 0.0708186451054729 -0.0608745620715433 0.0591229475983167 0.0834244092358477 0.0302106071927219 -0.133480310121897 0.0830036537936599 0.131761415490359 0.0143330099987996 -0.160066052179198 0.120722080486935 0.114854813057678 0.0525125410793884 -0.097091279257059 0.0353107166349764 0.0435459922905022
"qf4888.zx4695" 0.0516494646645481 0.00597714630800383 0.0494215557971537 0.0591018016491238 0.0723617080017114 0.0389016804975146 0.0935285531589785 0.087241654189963 0.175332042061298 0.14009959617654 0.226937083435047 0.232454649140351 0.150561967203788 0.160779852313258 0.205708333514352 0.217278868996129
"qz8329.to310" 0.0830887503492748 0.114702727468266 0.0704963516339613 0.121944956490973 0.0824022425829479 0.132267383343051 0.149518294559494 0.185335129599197 0.161701518774722 0.220412956337888 0.198277081969731 0.204382476863035 0.11159473824692 0.173810068929886 0.155590679552303 0.171198374773684
"hi7640.wf8521" 0.159238184921662 0.0667867125583223 0.133704090573837 0.208951656902816 0.0345183411476774 -0.0340498244763454 0.030044582619808 0.0790209476814161 0.11326178536892 0.110819927604338 0.169813972255286 0.214115280749595 0.183002622682041 0.103841130960582 0.202703739777729 0.257453476251614
"wl1711.vo1174" -0.0307287473290652 -0.0440246116639408 -0.000611449975604967 0.00830552041294852 -0.105835283780977 -0.0931691731305927 0.0525421629610248 0.0338189572270543 -0.0344010127704179 -0.0302062866773199 0.0696812328870009 0.0917936367859278 0.0214433162977284 0.0362825575177442 0.108261124510996 0.120885977866073
"ry5739.va7234" 0.0191412405909233 0.0627213266146814 0.034967343199034 0.0334149586140023 0.139028379951538 0.0941673419408682 0.078036120187402 0.0442492533949131 0.144701063046448 0.0714276933961313 0.0669441516242858 0.139210257700802 0.158667586601313 0.0929304248248645 0.11590569674294 0.13047127648869
"gy5943.ef9987" 0.108692981651895 0.174859500409991 0.210011450095392 0.21071016820148 0.0251425233358357 0.123622767037801 0.104989430503592 0.127681570423324 0.159228525777698 0.204521967313121 0.240260365554022 0.264171655038737 0.077958123632956 0.150718383154248 0.176301643640868 0.183897516930823
"ol1435.do8148" 0.0282771978248391 0.0152045659949897 0.115078500345192 0.147358998121129 0.0493022859464132 0.0509583352542248 0.127991190428407 0.188855008693087 0.0716216032518242 0.016428987310912 0.220080914110793 0.242009053669636 0.104928978785159 0.0521234419029875 0.279264319346254 0.330160657956707
"qf6269.cc857" -0.0571698934061083 -0.0691975656032107 -0.0834085724453737 -0.126720764298842 0.0021514252279669 -0.0596136325304334 0.0209063444694072 -0.0529395508999505 0.00894221638452865 0.00700727712521844 0.0613361372462829 0.043014339256936 -0.028351392899604 -0.00926913367261948 0.0806979840764765 -0.00300164865953061
"xw3966.sr6537" -0.028805835306479 0.00332245679997691 0.152975297699011 0.102965099854331 -0.00842771583168402 0.0164942583762779 0.0498708304706275 0.0252775328493706 0.0471639895566975 0.0233548553651016 0.102926127600314 0.0674321618370167 0.026455141292937 0.0614468718904277 0.121874125190987 0.0696201873840165
"dn1689.ic7015" -0.0270406233024325 0.00456173534783115 -0.00860589759580779 0.00982913708644763 -0.0789998811945729 -0.111410412632998 -0.0788091409481195 -0.0552396949687217 -0.0389453566654026 -0.0182596055175385 -0.00738367889673459 0.0413815199616579 -0.0912477614223338 -0.0358176161219441 0.0263861108799529 0.066200205486528
"jc6773.vy9038" 0.0338546391005083 0.0792161788519923 0.159730241650637 0.169958792292665 0.0850798912176893 0.105028221154839 0.182747381762217 0.185306048042595 0.0673839641987294 0.0606226082403495 0.15735829030814 0.194108578313494 0.168046608389633 0.156196165110427 0.214211816050572 0.277158607776271
"rm7208.fe7088" 0.0978178865517405 0.124801521213537 0.0112538718817521 0.0874467274380037 0.0970533136006882 0.0764072024677026 0.000738859642148621 0.0712055639438891 0.117159133589085 0.0617357352693752 0.00240637710665539 0.0597091015819198 0.044490421187212 0.0398292857837879 -0.00419685531276039 0.0386149236167874
"ca1129.xn8277" 0.157687046538232 0.150054425153664 0.233958785761188 0.199661126031257 0.122279393695568 0.127223333669362 0.294004639885068 0.248809900076759 0.166800692225602 0.103458328940177 0.292702933807996 0.25389567630975 0.154324913150864 0.0733948680104528 0.28884092734218 0.257251226281778
"qw7624.ht9924" 0.0642091610005212 0.0844924602765582 0.0973976834572987 0.0807119990584449 0.0216660232215993 0.0647934642923432 0.0715788823880135 0.0286368356196554 0.146589334657035 0.209993077634803 0.234751473219642 0.192032729105529 0.141623697432516 0.0795591203689133 0.117913456215873 0.0861194986047755
"vw905.gc2234" -0.0265264977733721 -0.0147237073479554 0.0505551619911191 -0.0175920567874173 0.0098824135243225 0.0417035539559721 0.123671038118425 0.10961240547374 0.0129402901636496 0.0190312780187099 0.172472512149786 0.140113263602422 5.52383145051438e-06 0.0318656580658157 0.132172632868603 0.148676613412791
"gj790.wg7265" -0.037438743564352 -0.0489494469871583 0.019157009144609 -0.0224723863464498 -0.0443812733711375 -0.0843925539382595 -0.00556075365394156 -0.0666393384048077 0.115004417245541 0.0837712381611399 0.115256226913961 -0.0136275286677804 -0.0366934580592602 -0.0293406308728323 -0.00773843672086748 -0.0599204069332816
"xx3869.xp7855" 0.0749514473954702 0.10089150872682 0.0807371152129921 0.119447211179966 0.115568433185674 0.159546766391189 0.121332462891812 0.145789058418845 0.171950394894582 0.14186715073532 0.124963816978481 0.115840852747958 0.089679205092658 0.130204099720555 0.100315346553593 0.148942754154331
"tk8893.xg5438" 0.0932358528649665 0.125054321732777 0.129007302750354 0.112438389472787 0.0756232314397896 0.138951003468247 0.167149690073423 0.179934966407489 0.0150025276375801 0.0590667524687033 0.134250024577231 0.123926814654605 -0.00431965936418489 0.0400330676462414 0.0961265958654005 0.0656817249687183
"fg3071.nb5689" 0.0122264135901342 -0.00456991031749152 -0.0045488631204501 -0.0283935497468658 0.0434694583977858 0.0551004739792446 -0.0228787708895241 -0.0160356701984132 -0.0136885370150735 0.00739628347664406 -0.0644845266819874 -0.0302308440276065 -0.0298162681041943 -0.0443844868672283 -0.103542503288484 -0.111484540390143
"sh9073.kc4722" 0.217018983421073 0.221112059357624 0.187420530492827 0.20835799171225 0.166196424198047 0.0979755545458136 0.122084476336416 0.163517648337296 0.249011551854633 0.190298618241027 0.185257948197034 0.223655079126902 0.201861389453291 0.161000506018958 0.140096983222759 0.162873331421827
"st7251.gy9882" -0.000226833615008831 -0.0653298195006157 -0.0611798722375263 -0.103252060059532 -0.00613416734969243 -0.00569222805261581 0.0193739862299846 0.0607546116407093 0.0120446363608002 0.0859896272594569 0.0643315829493561 0.0862665865147204 -0.0151974367894267 0.0110666514992859 0.0347276858510745 0.0481647582284914
"nn4900.gq5942" -0.0282600455129786 -0.0811777079541613 0.0268818751960058 -0.00255573622481751 -0.0242833778666104 -0.0389128103141249 0.118640984450108 0.0238934302943329 0.0829079161726138 0.158050625418762 0.205210322401647 0.240787898139928 0.0682115473078289 0.0880104013094566 0.190780673592033 0.185797997870083
"sb979.tj8522" -0.00610703526813694 -0.0377384532099075 0.122414433842146 0.0940000532620081 0.0517547474318563 -0.110840812193316 0.0832529487048092 0.103484799964758 0.0802295506456932 -0.00948086172592777 0.106544126339947 0.1864557492989 0.0330859182247651 0.0658233958788015 0.0695713158352668 0.164989508328064
"bk9727.xn1650" 0.0801692194070173 0.186853763136741 0.241014216724111 0.230888614603423 0.146576001374072 0.198119189268062 0.301338004210876 0.333266856199281 0.123214382474624 0.171521160382441 0.311678724512871 0.296454055358044 0.097797597399477 0.180600893908357 0.328356410795627 0.307720495576453
"pv8315.ns4482" 0.158231846089383 0.0631714595666366 0.0400931329013749 0.0739080192969555 0.22285811220073 0.134176741710247 0.114644211622592 0.177414801468353 0.232722353946535 0.135312668893891 0.198875148175148 0.200424390452346 0.162713197874705 0.13225683566319 0.135831688409899 0.160347492486291
"na2143.qx8007" 0.106058717869458 0.147902999976294 0.152146958909963 0.219639171708775 0.092599105036678 0.116273208481965 0.13315909982447 0.186997695530131 0.0984208932002751 0.166478187948257 0.237417381258663 0.234323867153013 0.0654660062002112 0.120588715662103 0.184885178421174 0.179069318146725
"vz7960.os8438" 0.22565299121617 0.256450047375085 0.140668373255488 0.118460515072741 0.270645785719171 0.335383250821298 0.16285425950166 0.188164194385927 0.219021579716736 0.228249242734239 0.214200472659758 0.199332685936755 0.235193853786521 0.306529932237763 0.20858226446456 0.243469590097215
"wx5916.my7044" 0.00541442228983718 0.0745203863637062 0.11887767671895 -0.0186880435608447 0.12088528781162 0.186208551374249 0.216030548122281 0.123827230753994 0.0801009616585084 0.141054130238151 0.19916514346179 0.0556356811881414 -0.0892076144673183 0.0961920396636867 0.17676795195934 -0.0794508909722506
"af3627.fs9681" -0.0223166248003118 0.0100673718996951 -0.00420494643191108 -0.0367604066075327 0.0329969128307641 0.0397973339763826 0.0781346888139156 0.0635882183235469 0.0176637885517548 0.00743454663446555 0.0958711374453838 0.0708569683391875 0.00275915953855093 0.0276589067030081 0.109585066159135 0.0354228026256898
"ex6807.ss3114" -0.010905567505711 0.214321046261176 0.20787068159778 0.206909058991264 0.00465181411936591 0.244182998088365 0.226268178897312 0.200016196829315 0.0614176583909155 0.209221195904195 0.234160395888091 0.219181281444352 0.0216335086595961 0.247316143558509 0.267659664640297 0.247709049919498
"ql6303.tq4370" 0.0954287032558215 0.062702693797662 0.0365989603346891 0.111709305103395 0.102891724379261 0.064730526290961 0.0284140310831495 0.100489915062943 0.0497394606225725 0.066614405089241 0.0621210027227573 0.0806527643604334 0.140251888622561 0.0886276928405782 -0.00235264491707056 0.0822132736591311
"zl8476.xq844" 0.0132713002858469 0.0371498656899603 0.0279834937040303 0.0828491199606025 0.0332493898971546 -0.000849569836532837 0.143095927336561 0.159875141600441 0.157913418863519 0.161942898264752 0.251990783375962 0.27487662609115 0.170403673947633 0.183190587442054 0.218830950852476 0.271106709103531
"oj9096.lu5965" 0.0917734711140448 0.193211270805668 0.0556049642017075 0.111256941412176 0.0757809780343806 0.101380253033019 0.0635417671889785 0.037151923057612 0.140186866864075 0.183944799125587 0.0823663546808713 0.161278143984077 0.0946305601280391 0.0856096795723234 -0.00270896562341161 0.0625557221258978
"hd7266.ks3309" 0.0878567968028835 0.152348628709752 0.234730315044147 0.182879493358738 -0.0231211789139709 0.0662669637750899 0.181725218815155 0.132948149086396 0.0395214026520216 0.0789450373372074 0.19581272601009 0.136513662006081 0.0678791500041167 0.155609964549577 0.279828647650028 0.225606481822364
"lp2952.aa4340" 0.291952565881672 0.266044619760733 0.283331500962033 0.256311876875414 0.357509925883342 0.296032969291024 0.371976504069156 0.299342360279968 0.335599512577808 0.234929133076402 0.317665197339754 0.262846077439657 0.386486760265354 0.268917580619879 0.336090354073394 0.286802406830179
"hu327.mc1060" -0.00458317790450363 0.0466135328165376 0.0561172091127922 0.063271252000809 0.0470444071350917 0.00238497773897705 0.076455199417748 0.0724499558426682 0.00960237093508194 0.0930893619048004 0.191330701043212 0.184327358300376 0.0185683772660608 0.128427930817595 0.209894920960324 0.226758830954001
"vm6983.xr442" 0.0130690026770838 -0.0465519232649046 0.0182707183862127 -0.0346712946814253 0.0673053447174054 0.0715798440851521 0.104765947425306 0.0703497171385555 0.0490744753799586 0.0995802238769118 0.149549419485148 0.0909445168260551 0.031259354172996 0.0919733084833655 0.191312286079074 0.081499442152685
"yp6652.qr1593" 0.0781676234431171 0.179784098902784 0.116969207383014 0.0978266893160885 -0.119200920602893 -0.0836624050310816 -0.0727971193829218 -0.0472321197583049 0.174568531506452 0.0523890355779567 0.0506109320001473 0.0914243946351527 -0.0699782392822983 -0.176513036943971 -0.104283632667266 -0.0710416157221789
"ks1142.ua9225" 0.077110582748638 0.113066008688597 0.179939350445943 0.044234747290183 0.0365813652282991 0.100855937331153 0.148898463170983 0.0435106306723031 0.0616378842846701 0.101382528703719 0.204810933099528 0.0261627962875711 0.0330810480101051 0.0973923334325887 0.191592969246251 0.0346219452218278
"ob9396.dd933" 0.00100949925099001 0.0570872910720605 0.0600267301217519 0.058734340683979 0.0039076730454958 -0.0592895837184065 -0.00070328420653957 0.0190713299910529 0.0945090847286522 0.0796209524766082 0.153985327980335 0.144824131230571 0.0648900759366169 0.0378557697859735 0.108046281655656 0.103048430692087
"cv6456.ry6595" -0.0318051408176237 -0.0338714181882067 -0.014037331824075 -0.0237771204596136 0.00642024174534316 0.12727867509328 0.0638007025185441 0.0501625885334497 0.0248016646422602 0.0278760659352277 -0.00288183774502871 -0.0206545312654613 0.0386891830106973 0.0663017994070526 0.0281568012308181 0.0335989830872774
"ss6388.ku6307" -0.0235517357674169 0.0301431711855947 0.13756895529151 0.0385550647860877 0.00155430597763706 -0.0226760225757331 0.144501930744658 0.0277496463309659 -0.0208206125822698 -0.0296997365750964 0.0982193851051788 -0.00468857832941858 -0.0270141278870607 -0.0351793216058872 0.106708547297803 -0.00584004075122327
"sj2337.gc7272" 0.0108129186748269 0.0583157879790966 0.0539497478271504 0.110079234542255 0.0459442719641775 0.111142352085366 0.1026229272851 0.133477419418119 0.0597170671791633 0.119318848120516 0.249999629675187 0.175926143610727 0.0281283728815819 0.0589277833299943 0.0964419039153911 0.123765572458347
"ne7334.be7256" 0.142727300037092 0.228549201413655 0.251268496764061 0.258113524379791 0.181855143160862 0.230690564456299 0.214157451373631 0.21462716647798 0.161498476507055 0.208836750779294 0.20708590451107 0.223275296294776 0.130035868075497 0.236124035066587 0.287007212794636 0.285236920602449
"vk9147.gt4221" -0.0380982336999821 0.0418488106507302 0.0172519379686202 0.0557973507178347 -0.0251784667598852 -0.0216849702782741 -0.0254372351837266 -0.0163544144196344 -0.0194036653136589 -0.110391103361354 0.0389154939828187 -0.00766846902220882 -0.037441953555189 -0.100733719799178 0.0450776010376559 -0.0106226008928491
"dt1372.tb4452" 0.175372533396133 0.28106499588756 0.307417322609659 0.285131161349117 0.225977111414328 0.288052824169159 0.349283079531019 0.326804095518363 0.199607452791652 0.206552657294888 0.353233242302947 0.333709261576367 0.288084761633947 0.372554689674024 0.3823840556613 0.370776020528188
"uz2382.rc7697" 0.0607714965613883 0.170693746780852 0.156384630689167 0.0491415353032372 0.0565032232643671 0.232679806000818 0.281197204716899 0.19538533342735 0.0636651833326294 0.122220063805153 0.256383164365421 0.16118583773762 0.0895656159107434 0.166859577247712 0.218066329214695 0.0709748805568942
"nt1800.qh8067" 0.0677355421145831 0.0355714650716341 0.110884246151749 0.122216034990944 0.118579430206417 0.129641097005563 0.178659977160549 0.238688698908744 0.0950646634937897 0.097027741423035 0.160436626066661 0.204976035591786 0.0640169314745385 0.0822758642343584 0.132084208634679 0.139375614415477
"ga7671.bu7334" 0.240245588779929 0.142628316929403 0.156963424021881 0.158358706227154 0.211450113803587 0.132126389282882 0.133802046405612 0.103687325645167 0.174097870872202 0.0745762907735788 0.0789964547594954 0.0572454542645624 0.154430741401725 0.0752361660546982 0.0363161802241302 0.0263298552087367
"ia6186.rw7136" 0.220572210724716 -0.0174467715258663 0.203613584401701 0.119639934454023 0.213176079804567 0.139012740743321 0.260210552714252 0.226448919630846 0.155496572171578 0.112260248372108 0.258857617040133 0.243785007813172 0.276109518557337 0.00976365207631196 0.256906391570192 0.219523728816029
"zk7167.rc9209" 0.0496144784582173 -0.0524837294157186 -0.0413209013552781 -0.0881628028151513 0.0763277356948759 0.0193289042437903 0.13860492989147 0.13842503320612 0.155745854524036 0.0922296758657511 0.192786994888982 0.11873689670851 0.10386729681823 0.0958249835491872 0.173881986562383 0.143212747390841
"vj9920.lu1607" 0.0843202621171587 0.0612334771916298 0.0587239273018958 0.0929784280913618 0.117631839717666 0.0556628178276117 0.0367931129149166 0.0763872025648045 0.0585368947157964 0.0807354500361534 0.163185415943765 0.108862196817646 0.0937169297981314 0.0897483968995911 0.113113709728927 0.122319767704422
"hy6394.cf1740" 0.0522519866372862 0.203272219313782 0.096710037695707 0.153188272354871 0.0479001369782135 0.193994686470309 0.0741392199804438 0.171346937663299 0.0819414388063365 0.176503789718821 0.106313706763264 0.17503620680282 0.0727378881549427 0.226040105748405 0.13345177819477 0.221146565745537
"yg7467.oy2140" 0.159912284036246 0.180740373515887 0.140586213316952 0.121187512232561 0.125625889272061 0.112786961014075 0.0723461492753321 0.0999417340109536 0.152835509980328 0.144486842815874 0.139945405230524 0.157367739205594 0.122625132412909 0.168882506922548 0.165850772673275 0.160080096880721
"qx1048.li2052" 0.177267301755885 0.0763546210263134 0.134230734868839 -0.0061164814002718 0.176407297984975 0.0853907251887228 0.0981664334047348 -0.0304946687129427 0.172405067663681 0.0864902477743619 0.120103685366302 -0.0540099245670766 0.14260322636902 0.0833497477508672 0.133400270327299 -0.0370828122700103
"th6641.vk6725" 0.0537139229114492 -0.0664632035722852 -0.0509524795366463 -0.0747462848611823 0.0331420022423619 -0.0523495677517193 -0.0202779337342073 -0.0258275570456479 0.0069747484659286 -0.0860601150681937 -0.0420179752568473 -0.0479561662824944 0.0585885198773783 -0.0392325054947457 0.00740050198235625 0.0225209604900614
"ft8109.pl6619" 0.209179744540228 0.10885356629673 0.245358846455198 0.2752684088855 0.250005626638791 0.148364414206063 0.323266425524337 0.33483565204382 0.204559230004673 0.109994088994179 0.258885199221635 0.281005976631963 0.233512880110446 0.158572949670095 0.286144271362424 0.279643688433826
"db9667.mh1467" -0.0277080690914489 -0.0727027541490341 0.0423739457777246 0.0100554222536802 0.0258275676778521 0.0151293451680665 0.036057436176958 0.0840786455066327 -0.0198960662177271 0.0144518157035644 -0.00395478709292134 0.0144754090488993 -0.021734015402565 0.00996724456872195 0.0286200015349624 0.0652380047889983
"nd6153.zw5400" 0.0221879443506721 0.113308576490965 0.145372283730437 0.0512017439364245 0.00478359715807134 0.141762498381603 0.132197583509175 0.119479820947585 -0.0398199643964462 0.071544661878876 0.0782323343755579 0.0636256271025342 0.042349393579012 0.120648907206949 0.138551741755465 0.107254636660819
"rq7952.oi1237" 0.204104760005766 0.133352488657329 0.205283962013035 0.183539288664947 0.310272279522521 0.284433907144149 0.308699288318395 0.297284631976866 0.39686421624486 0.383215305972728 0.385866269596692 0.386712366939716 0.394256594418867 0.398400173585702 0.402096259166439 0.376256268856786
"we4875.dd6703" 0.164453649851368 0.301815621477987 0.274704189310326 0.296881102939575 0.127504662547361 0.208275347134186 0.22654410231664 0.231181062315716 0.210869114775637 0.303472214793216 0.298662977299941 0.309844214243722 0.230480385718828 0.299970054564646 0.329263387415911 0.339616479751184
"ty1974.ix9468" 0.112400774594453 0.131596723436602 0.0307973276725469 0.0372676656412003 0.139171962392085 0.163630806855468 0.0708113733654617 0.108590365488082 0.147583455397471 0.132604737426811 0.0624908925485225 0.130275348379685 0.135783877871569 0.135685433528903 0.0450730118201831 0.103761392689757
"pk2743.sv4570" 0.0639149516112097 0.0779116164456996 0.1441059193846 0.118178751120982 -0.0309362493506603 0.0659472671174473 0.0285723212876263 0.0133621917740239 -0.0328271223496819 -0.0410982242257122 0.0582449903908298 0.0582606664019026 -0.0102783259186591 -0.0282492039577815 0.0357644007795619 0.0308720971877206
"vb3700.wd8632" 0.119841290563947 0.165448190377241 0.209538395266505 0.209062576881261 0.131025975719013 0.146751833531204 0.2334279606499 0.194883850694647 0.162778520701488 0.140814669362005 0.150200851828272 0.110250808940657 0.133353498356133 0.0763891966627977 0.120745466252886 0.119497399121886
"rg4887.an3359" 0.146578610533211 0.0959765252248232 0.0781214201100248 0.135603476323399 0.135274941266252 0.0913515201218762 0.0913911125946336 0.108080914278847 0.170191607125251 0.0975214846090747 0.144611702245325 0.110521839491596 0.171091873549285 0.092642657155924 0.135443685461965 0.174294618010427
"sq1489.gb9984" 0.24028054556693 0.117562615928222 0.167788641109199 0.218196739851797 0.144533448657371 0.0522198254499864 0.0315759211324201 0.14158577275465 0.289514863875791 0.121628605824736 0.167174107347369 0.225893401634174 0.221118729086804 0.0988911508408037 0.148202162695198 0.238308330014834
"jd9162.xb9687" 0.100807439791515 0.0557216095204416 0.0323791783513517 0.056282505272054 0.0946106585202109 0.113007706368757 0.0649975650527174 0.117946080904372 0.118709634972624 0.231659056596234 0.19556181300061 0.15413426162188 0.18092745577893 0.182761817695779 0.106934504006869 0.102509865239863
"qi5042.xe2884" 0.0532392984271903 0.0612257146151615 0.0641352896463032 0.0507468111803671 0.0597329565092494 0.0970952987473574 -0.00406276606083246 0.00513683807431194 0.00293845888962441 0.0219706209249553 0.053537239595765 0.0663745574559114 0.0407280110123778 0.170165988695644 0.101532905442827 0.0828751648120187
"pl5006.ux6584" 0.0154225638433969 0.0338790357117591 -0.0407930878298346 -0.0575202236526733 -0.09318773748277 -0.0627506198047163 -0.0102782833261498 -0.0553456048716727 0.0449422020625555 0.0276421169787866 0.0455961835209814 -0.0221318064825647 0.109893979640074 0.119712977823845 0.13509370151524 0.0488051263388092
"ef5797.kn6917" 0.132735652713047 0.199705791576662 0.168055261595146 0.218576833329519 0.0913296453632215 0.192904982724472 0.201416437126449 0.193185925524447 0.124157068366205 0.255155792702424 0.196824298053578 0.244844886576355 0.21441377940981 0.291431576995865 0.291413676807387 0.328323880599534
"vo6203.pv6711" 0.0258831267466294 0.015498059179166 0.115295599772696 0.0364362896812255 0.00383138569730845 0.0140449866708369 0.04941544323119 -0.00316410165382711 0.190533160357883 0.117656441488384 0.174335839268669 0.107363361027779 0.184122529231378 0.164934159236211 0.231977624022431 0.129634270833791
"xb3564.hx8470" 0.109065315334346 0.143111388976287 0.186955618018896 0.191851297168334 0.182079130898711 0.208745995916619 0.199272136716652 0.226299265517822 0.112223014913076 0.105916108429427 0.204520524147912 0.176820787218448 0.1188465413921 0.132369405939202 0.22229151691886 0.210875171551187
"cw2550.sd9694" 0.244862328608888 0.134049357498277 0.182388012103937 0.188498275565391 0.113711708222133 0.0854497606377352 0.0464509529601146 0.0796188155303902 0.206935402383334 0.176848012033244 0.19990831610792 0.229977996156167 0.258552891948961 0.186117429179512 0.180094646334657 0.22190346418792
"px4103.lj976" 0.147422838934104 0.142298902116529 0.108803583480845 0.133150872969307 0.227053095938258 0.165254187935222 0.0874438026827431 0.0998536292334459 0.177484555306448 0.162099873585022 0.119955422374825 0.133035988139211 0.192237395762269 0.131207292902193 0.0908242146544102 0.10213944301416
"gu9420.be2767" 0.164586669016365 0.152205585143647 0.0699110502955832 0.110444851735995 -0.0338854569176245 0.0533478534473358 0.00237971730049055 -0.00326996498234265 0.00295721899733764 -0.0371606783087486 0.0428216983424145 -0.0311587978748253 0.101858238995745 0.121453646342704 0.0926092527682768 0.0851545239596195
"th4838.ng1833" 0.0155640424126965 0.00318800279728048 -0.00677060411395664 -0.0301471908075682 -0.155741094170231 -0.0151002776996063 -0.043117351450054 -0.0963864503703893 -0.0204090194750175 0.0199533823819083 0.0126656294984849 -0.0104037098562291 -0.017415824878049 -0.0323418626936583 -0.0125539800449738 -0.0338519711165962
"bm8783.fs4762" 0.0778854219394839 0.153973869765895 0.195832082236588 0.193862396407768 0.0890823042996143 0.120334745752078 0.155806941923672 0.167951090832553 0.156245117930337 0.116859754525026 0.154297435674705 0.147010329790541 0.162271167254562 0.117100850329807 0.158540452257599 0.165527855004333
"rq4571.pc4750" 0.200634640517976 0.200745273451665 0.145289125862037 0.188065148522102 0.13536814268323 0.0674351886280592 0.0236949321349566 0.0649102494003545 0.0889471645631723 -0.0577510785575929 0.110315734267487 0.102488844223392 0.0534895737906116 -0.00273471213886484 0.0324490739064054 0.0733400363203227
"zk5849.hf3833" 0.0893006895589858 0.0147383667124454 0.104542099148608 0.058431746522242 -0.0589425111483341 0.0313671838053845 0.0663011416698557 0.0538671983383068 -0.043740157513534 0.0726874711843783 0.093409966142186 0.04911182663995 -0.0788467936247639 0.122715872948739 0.0798907848672392 0.0685872643393219
"vg9773.wd8292" 0.163828425445982 0.119201346048899 0.186684843888503 0.191557386870539 0.183994747353931 0.107959698636537 0.188484045028036 0.194551619340822 0.152955247119866 0.117639405165998 0.2287847003502 0.259994848751724 0.228070863071523 0.199103496233136 0.219385400660594 0.258616415499266
"vm7506.yx5998" 0.123619578493876 0.0402683602799257 0.0508836311392499 0.114612361606013 0.105257464831778 0.157403392137333 0.128397432303847 0.0660206241975497 0.0949871202806144 0.154350879880622 0.153903185312606 0.0871123312659123 0.0486606155542543 0.178291214350979 0.212519006757576 0.0865541998528755
"hp2318.bm1248" 0.13945450712962 0.0944624678442793 0.0300073138949782 0.0537477421750953 0.19835221556681 0.176073845927876 0.132507778126521 0.167938861479853 0.129677966889119 0.0804337158951349 0.244711456469741 0.233590597518841 0.126924810240454 0.119409659086531 0.226232324093456 0.217773847406142
"pg7963.ob4982" 0.155915148489007 0.0725941213706374 0.253827094190998 0.175599099780734 0.116147758954351 0.0900617118079678 0.19048747285945 0.123303667661778 0.166747836154179 0.0827889868806904 0.242744388774826 0.205369676950454 0.179157726918206 0.142600757729202 0.244794327523369 0.178918730381404
"fu4952.mp4941" 0.0535530381866299 0.0059756178432658 0.124046914343563 0.160179445162862 0.0392270569749932 0.0107983650280137 0.130848978127123 0.174492342434884 0.0368554801437217 0.0249282951027502 0.158589877898574 0.200789678081399 0.0358550714631694 0.0432981505426943 0.1140739874777 0.158429321272056
"mj1492.el164" 0.0938090888993704 0.0350255253136917 0.134773263363545 0.0911353928315626 0.114748505821857 0.0910118844704811 0.185981989040799 0.152515245662201 0.02332312154387 0.113001068870687 0.185531115955763 0.142447998760285 0.00745172262880584 0.0174285699896083 0.108174868978991 0.122140630935831
"bn3058.jc6467" -0.0763875565534966 -0.080039729892165 0.0359878888054778 -0.0595863357019567 -0.174392650472602 -0.0890961630501055 0.0444313988604246 -0.0472619634261172 -0.12746408392298 0.0218908340559521 0.159512003284698 -0.0198233720189358 -0.1245197820401 0.00569411326105751 0.19757526472944 0.0124694304516241
"vk3301.aw7272" 0.0446623499670714 -0.00672656605763828 0.0111869397393314 -0.0329746010409622 0.0478161281622158 0.0964633076965802 0.0942057506886449 0.0766368247136722 0.0371515582830758 0.0418588019514396 0.0839210701185735 0.0754336493108864 -0.0471025493765615 0.0287576343248705 0.078239839526085 0.0902011597079053
"of468.sc9142" 0.0911757184219408 0.113426926464958 0.126306896297262 0.128746011130997 0.164594330706352 0.122069324061726 0.147609813902994 0.12133781570746 0.0231697443005227 0.0428443215307591 0.0452916322112986 0.0997164854960947 0.0622124422424116 0.0457875561216908 0.0611710193913274 0.075944551044539
"za2378.zl3796" 0.0855339458707978 0.0860223751375376 0.205437802109095 0.0861237140182521 0.0970788322365296 0.0710971411657635 0.0884211451339999 0.092256066405379 0.214085555831014 0.222954635379765 0.25191441227895 0.267730680899024 0.138498172048036 0.176092849838187 0.228210072127201 0.242529219355807
"el5413.aa2207" 0.0465820158474127 0.0641904356828941 0.0698523670268873 0.120767446359825 0.114138316841994 0.166766079453485 0.120168130207994 0.193623302107843 0.0711473569218154 0.119780899262946 0.106494622288266 0.138165448493537 0.119620722332845 0.108273008655598 0.148471515657913 0.129430984305292
"jb8336.ep71" 0.0342170768934457 -0.00593328688545238 0.0528367125801984 0.0489265134932093 0.0741375278305104 0.0970540298469213 0.0834352886640735 0.123141863233106 0.0337479478106215 0.0480389256615471 0.100490374607026 0.15584940391159 0.099607965868362 0.0637480325575661 0.0896860070702372 0.092783208479695
"rp6981.vg9117" 0.209943079067791 0.227635172214989 0.122113145315803 0.134262033595307 0.121028478691279 0.173031850143883 0.0842935266992131 0.0510178037946263 0.210012401556583 0.16887981136506 0.151934008100903 0.147545118114871 0.168143061754494 0.180636876856755 0.152173793314571 0.130162787431529
"df8145.sa5483" 0.188189254023997 0.251963070816504 0.20935326833813 0.189323313652891 0.281742437951607 0.274874978261898 0.230231817571919 0.183434248274601 0.241497414621231 0.221624511175975 0.252596199305189 0.237899335820514 0.225735477447024 0.156982563287666 0.204533153236094 0.248722934023763
"is8342.su9711" 0.0519664417434851 0.0561642263567372 0.0723299482194435 0.0369361582795337 0.095364935301123 0.0917643156357925 0.0731095257952498 0.121876342467965 0.0908872295719958 0.0973968078136993 0.091050849383447 0.096954427321384 0.136489429364511 0.160620308682134 0.124994107143209 0.153676143765061
"lb2474.ia9878" 0.0361090511702652 0.00255968600507716 0.066953728899977 0.044665152065626 0.0531802316590968 -0.0574874475454342 0.0284495754990236 -0.0426758421832426 0.0170056215868923 -0.0583534453706393 0.08087826856439 0.0383437597301622 0.0350065798884427 -0.095347118743109 0.066443297606687 0.0231956107313589
"pc7540.iq5754" -0.0454961214351801 -0.0721335852663195 -0.0310240735051377 -0.0981465186926595 0.0297650841694879 -0.0273324115540879 0.0293896861340602 -0.0748192453301903 0.0386408485818609 -0.0278260239082012 0.0500008885048503 -0.051852371476508 0.00707000970568869 -0.056766087975581 0.0541976593970315 -0.0682258495134058
"cx4373.jz5835" -0.0207763250139556 -0.0836707221003113 0.0814377577420645 0.0562982231300801 -0.0564369020632834 -0.0984111337474557 0.0196398192423647 -0.0230953654553183 -0.107316427061576 -0.149420425148763 0.0956715538025817 -0.0232153993390148 -0.0702622212130973 -0.107864334885593 0.111298969027287 -0.0123385753554467
"dn1529.ev642" -0.0603622712359284 -0.0538957042810609 -0.0231048991031598 -0.0154732740795726 0.00279704023569965 0.157356886088684 0.115845709084864 -0.00649173088934651 0.189107829965378 0.11694790738097 0.180687751866068 0.157961185247904 0.190857760323878 0.187746141064712 0.262003985421786 0.142278608285308
"ie8225.vb5592" 0.11870167371774 0.112181809658594 0.128554323674089 -0.0372507011237477 0.167150267025312 0.128926560332622 0.171163049700038 -0.00549963093508289 0.179326779974985 0.144550515884341 0.311857893637624 0.0465491678154861 0.183178196925502 0.156608515487141 0.301403801803837 0.0453021061708349
"sz3180.wo4163" 0.0343231491221476 0.0215701643526386 0.0288793102739028 0.0288839946456516 0.0471973075572052 0.0213132026327847 0.0822729360912478 0.0393375325295379 0.0107838117253121 0.0133728979279854 0.0618710682939054 0.029013038014554 0.073032798905795 0.0379166734438903 0.0660518014470863 0.0465198722278202
"im9891.by598" 0.112890617863584 0.0659473200669184 0.112232384328354 0.175995685940353 -0.0206317134092399 0.0177991332251372 0.00102742789207445 0.0233777870881901 -0.0461560783468832 0.0161378256767815 -0.0207232208563405 0.0393925852690997 0.0565164107008908 0.0528870243104245 0.0451868905848734 0.0613504128602075
"oq8073.ej1029" 0.108371260268488 0.121635630072688 0.110868171255005 0.068553689929566 0.178974254490449 0.19560682149205 0.181344930715308 0.17714298106443 0.216365207621116 0.265718099657905 0.268823317120362 0.247735903427708 0.181064167732048 0.233082135871263 0.242168706775631 0.213036984687734
"qv7391.gm3042" 0.00204113581302972 0.0298184110063236 -0.0116345452626803 0.00159030884768742 0.0527846422855055 0.115802332109596 0.00167236598149525 -0.0016419056757197 0.0221557548343963 0.0571436601318982 0.0226033301498339 0.0367115492554479 0.0233587271186924 0.118988861621127 0.0611682953918696 0.0916402247151789
"se4389.vi9187" 0.174846374075334 0.118695256767424 0.0627588771384572 0.0635111135718016 0.148236434795867 0.0840922075473175 0.0929869919565701 0.0120468335205108 0.215849923350546 0.129634545823842 0.0890562095575314 0.0555545541325502 0.206768922429876 0.0982721639619217 0.0732022646567959 0.0475184777647751
"qg1670.pm3264" 0.145116564645177 0.210339384856413 0.207700872379413 0.20885185757746 0.0633658825779369 0.108796703297852 0.0889547198245793 0.0757100503090955 -0.0651040337647593 -0.0267622140129384 0.0737849555646538 -0.0297826644720174 -0.00609674794811748 0.0361509353720096 0.0939016810619377 -0.000182943728810645
"uz6747.we7146" 0.0630048945869861 0.189866082278166 0.191063178814401 0.181657504670444 0.0864630188817476 0.209651480105517 0.236232248380644 0.22227911113876 0.0166403163001391 0.104121927276342 0.118376329029042 0.153162780988334 0.0724735261334058 0.223980883941932 0.216960068521819 0.227030432352855
"ff2067.jn2694" 0.201260256346652 0.165547619271419 0.0631537175164682 0.095681206679947 0.197967903980352 0.235602730044357 0.19779216083619 0.229236045313913 0.249182899593566 0.262338767791609 0.240276084379869 0.249431650038137 0.227801712174757 0.295507727248213 0.317681322033252 0.337645577313354
"kr5350.hp3693" 0.280106767936245 0.242986338339341 0.285063603221521 0.305377364977094 0.342437797629111 0.355791640095079 0.282240679038057 0.412820106574521 0.301836392982028 0.255869958478684 0.308559140423822 0.373577165168362 0.261234369609387 0.244666618210704 0.27664238362389 0.355717242540082
"vk3353.hu5052" 0.0622238896771609 0.113008294398755 0.225630202432875 0.165206747732012 0.0368404969102322 0.22016751470968 0.250072784818934 0.176024436586051 0.057340588798242 0.142755518546551 0.235338346397587 0.132135688567307 0.0135244845847117 0.183828761805358 0.266751635619879 0.13759958731501
"jw1043.sd2522" 0.0930948308428676 0.0573162400952103 0.0471344749346115 0.0658711496556692 0.218400489502577 0.125370924280782 0.114489092388546 0.133822968348484 0.0053611973422196 0.000139902826127838 0.0649173190610962 0.0369427325294867 0.154916937071697 0.0975428741667299 0.179657180017742 0.167624904154349
"fw6859.oz1883" -0.0109383240167435 0.0240393898776369 -0.0226092684798217 0.030834365913809 -0.00369921315842586 0.05256705549838 0.00644794201430714 0.0206548723535602 -0.0169606940236606 -0.00032750955015535 0.0272432093418584 0.0478734444996312 -0.102190997318979 -0.00345490185810375 0.00647663983832018 -0.0362262161684235
"jk6209.wn3590" 0.00137649735304143 0.0301796599453635 0.0599453332575666 0.0764718861311798 0.0990247817588731 0.193705959347152 0.199942530819737 0.227205503723381 0.11938571887095 0.235518679168235 0.232736338625537 0.251705985730724 0.0844699077954988 0.166273814817645 0.172587121891484 0.215202467888715
"gf870.cb8758" 0.122621531219373 0.105530319379689 0.110740162494967 0.0673797853992202 0.205268393855158 0.157399672976621 0.134436363759788 0.154795729656705 0.15801003369709 0.0973569934720409 0.118697570349103 0.0994775165794363 0.199729011131837 0.150644232347597 0.153058042068694 0.101642667073987
"gc5471.ah8396" 0.196160093961209 0.255174900739735 0.234111586487301 0.232124198410243 0.0962934035775806 0.139757997221007 0.14133070091413 0.154185281760218 0.0513473469969625 0.0891615351662611 0.102283483629488 0.0792399688379634 0.128080073067074 0.181237474463571 0.183209697889988 0.182548799005413
"ih4890.la196" 0.166420550366494 0.150974070873548 0.166242263696808 0.140153953826932 0.299235313118314 0.278915109077314 0.256390807822013 0.246920838833274 0.3272395145879 0.289330125480891 0.277949786755832 0.293328600278074 0.239721298788591 0.199621150803005 0.175599149726569 0.155431834419413
"tm7275.fp6017" -0.092355815745073 -0.0300529069328251 -0.0112451527438068 -0.0282338110253856 0.042563036128886 0.0264606879504011 0.114451570398857 0.107953139969674 0.0751215787156164 0.0753353661575151 0.0458179532779301 0.0725616575283634 0.0224522899352835 0.0590200823583541 0.122773463415555 0.130551409028082
"nu868.sk2752" 0.134262269434495 0.245954508117653 0.331326044161645 0.237872276299664 0.13199540199656 0.310527490285472 0.365406385692944 0.322345100726216 0.178691561199409 0.307429910929783 0.314354211523487 0.288517174168419 0.15545075308498 0.321374589909223 0.354309748862912 0.320699789807637
"ev9134.xe4685" 0.199901829861742 0.228147349796361 0.216143408990114 0.11720542208851 0.125069888173314 0.154252530394743 0.140102186654625 0.0862497864074777 0.153032134704358 0.184815251610288 0.176516272456986 0.0463040198322282 0.148351354519916 0.14791529773411 0.147514172013631 0.0626657180868516
"lh8474.yq1164" 0.0235716642007337 0.0140387903717888 0.127042157427142 -0.0303992804686811 0.0335462471126792 0.00383793430570669 0.0362733573335389 -0.00129032067364422 0.0664424568212574 0.0868234343491835 0.0933876842178374 0.0355884592890072 0.0860476619338324 0.139986785480526 0.108580979597677 0.0217987941993045
"sl1458.yq5354" -0.00727173046827372 -0.0187562540903557 0.0292537456464298 0.0253384966289534 0.0559810474245566 0.0838074327712532 0.121121411101034 0.125370499396108 0.027056646975478 0.0475767722199967 0.06901958074537 0.086226603742171 0.0659482612964695 0.100384395400162 0.0762689537811919 0.0986293016539783
"dc7254.bz9463" 0.104698873551232 0.0789378484508481 0.0854217095145389 0.0725631321911016 0.0637108642193771 0.051678934046697 0.038485406007487 0.0822965607425407 0.160087954417427 0.143203415605708 0.1910221240019 0.216387648458707 0.0904036712435777 0.080373675942719 0.0842318769849736 0.104445445920999
"dr9939.yf889" 0.123547926061436 0.0907911356568812 0.0602004344117899 -0.00879533332434518 -0.0128615247392549 -0.0159944852961888 -0.0561655009277882 0.0284605451141109 0.0525373480425028 0.0304998899822388 -0.000918190785076166 0.0672690558914541 -0.0121162384283704 -0.0553050871538057 -0.0957431783161339 -0.0506429390080031
"vv8305.qc512" 0.0149489439117403 0.154154587051125 0.0917568228302128 0.0640117852740688 0.031792778176856 0.158473737122537 0.111239381196501 0.111709316671521 0.0436750733647501 0.181696566510445 0.163678490938246 0.114183273160411 0.0342949325342615 0.195058413633426 0.150353173726026 0.133035475762516
"br4966.jh9757" 0.050026924763871 0.0969330872567965 -0.0266920990448167 0.0421409831823921 -0.0278062783123897 0.0597539334945404 0.0217744968548384 0.036239446063764 0.0800397496440921 0.197255785779227 0.103316771644088 0.132508944394457 0.0241678946977166 0.121340392607833 0.0496704024262108 0.0625551524731622
"zb7.fg4197" 0.0226195777930678 0.133303708381961 0.15561200696767 0.0964730369597839 -0.036524512903513 0.0185508618650927 0.186798105502879 0.0734481564356814 -0.0485338251772359 0.052453350901746 0.127398588036766 0.0848151446661418 -0.047641212816148 0.0188921350236018 0.193209235971212 0.0712061828185349
"rb6609.ny6429" 0.00460953839965789 -0.0186218824529723 -0.015968192208463 -0.0760939009003019 -0.0485743642639478 -0.0140027469516694 0.0157926441323767 -0.0687230923033448 0.00577545699107641 -0.00671959484693105 0.12781109966017 0.0489245247213774 0.00338248692500243 0.0176131617081263 0.163723587002445 0.0699918855596232
"pp4389.zm935" 0.254084951724942 0.138657098905229 0.20845269189062 0.170537576426922 0.171326847639617 0.116549217296622 0.171777128135518 0.158039518274954 0.120903250581931 0.066686636753515 0.188026695988629 0.158039933446173 0.235176967403482 0.192601707792626 0.230405287601333 0.229998203820101
"ty3311.bs9596" 0.173008500513839 0.129570470314391 0.18259756378664 0.177550647231824 0.24193877075614 0.223652225841191 0.288730542120286 0.298532468085714 0.238082166704329 0.171240747324736 0.260970875727256 0.251776783569656 0.258538580169819 0.232294943781959 0.308780951516042 0.315999035705487
"xm9345.ss2996" -0.0862420230534063 -0.0283575270005189 0.0492334083146343 -0.00275872989233376 0.0497548489091289 0.0567429507315526 0.0904145360909799 0.144764139922122 -0.0764677944357983 -0.00604527169389711 0.00019633487843923 0.0252504762078221 -0.062143090664258 -0.0463001469384601 0.00682527190072929 0.0341217782909801
"ko6022.sx7276" 0.100369643982832 0.113990769329117 0.0245863288983312 0.00226023147630347 0.11477803970811 0.114366382014262 0.0311300747140596 0.0335632624515402 0.187475493141367 0.156606327666124 0.0970995080757302 0.0886770207873635 0.154434053424915 0.141509936367334 0.0566273014779464 0.0431562109813754
"zw9329.dh4351" 0.128753007521184 0.179965134968313 0.234362859377235 0.0464501678343667 0.0717105360038378 0.12725737159202 0.163490585228195 0.0323490648435717 -0.0530832780311876 0.0242667334694377 0.0987741689236244 -0.0483229429257523 0.00261914566044251 0.0591657765257021 0.125664347459938 -0.00226143874235967
"ql2750.yw5740" 0.0953706026657765 0.0933139532291022 0.0952171848049585 0.0495764176278889 0.196072909669507 0.24381300222465 0.1545637217278 0.137259765511165 0.21278576177365 0.191503962494696 0.24882556700121 0.195751502036512 0.116304147689503 0.102260708552392 0.145343335354604 0.121240617622038
"aa7438.re947" 0.0836458043482671 -0.0098166650674851 -0.0371122959516955 0.0794330479454868 0.0335302674837058 0.0602553784384488 0.0130693427439487 0.0379009162298422 0.124203083341415 0.129897011544186 0.147857171693225 0.173290703738225 0.105668298186535 0.159396323157799 0.0361119047750188 0.130178169255714
"zh7363.ju9079" 0.0526366602170585 0.0114372195980882 0.018271951718083 0.0773868951624036 0.0262806214413615 0.0399711226495044 0.0435811440699944 0.0798493204547911 -0.00532987007611325 0.0828095796402509 0.0871341413613544 0.0566550697623915 0.0551331979610815 0.0545518863628601 0.0964259759503198 0.0660825947446453
"qt7134.vr4751" 0.0627352922265663 0.06419388840525 0.0540170737807448 0.0604631175161117 0.0090136351302127 -0.0145637111582446 0.0140197122136764 0.0522225202309883 0.0420809646982199 0.0470270814292277 0.112130246611714 0.123106414252429 0.0366978380161814 0.0538046255242012 0.124165018110748 0.124990772578272
"ji2923.yk5444" 0.134181721974152 0.171389749566925 0.184647927419617 0.0772239528981707 0.00879709492376128 0.102388887011339 0.110282956836678 0.0936394049770473 0.0725444273000122 0.148173088449474 0.15320282578964 0.0320663749185897 0.114934524186665 0.211298176374535 0.247350075984393 0.128190611671843
"hq3334.vb2722" 0.205219905500003 0.223072456525378 0.158148888709942 0.199530125412011 0.202857266309047 0.16446577812379 0.168913892321328 0.184066445140645 0.26256280238083 0.149464605338318 0.250122732011868 0.255469575931245 0.193728986111772 0.0938008414095909 0.146848017667859 0.167546491383798
"zy3831.ji5459" 0.0795034976917019 0.136902351183573 0.0735021621112125 0.150213002616859 0.168411639623113 0.232427882897571 0.246956966449645 0.282003701123392 0.0109708012022822 0.0950989950150163 0.117171462617735 0.169251996632688 0.105592906123997 0.16346267636528 0.162303397190495 0.213910895295441
"vw7617.lg5745" 0.194740347281891 0.106592854914597 0.200485011835188 0.145369433145451 0.135315270575761 0.118376398577765 0.15353584471275 0.131835983835926 -0.00625283986413762 0.0439918025615522 0.124427462646338 0.0990066602244909 0.0596060924062456 0.015793135314779 0.142561307436299 0.0999451389651097
"rk9191.xv846" 0.0660547749933078 0.0241866572238728 0.122532634129398 0.0873015409795603 0.0283622422490669 -0.0318353938252698 0.101462049938457 0.067178520805497 0.135925874445936 0.104934913908807 0.21967977800554 0.229323236535166 0.129087083428579 0.0675555376402697 0.145035933912041 0.158345415483334
