"0bkFace.0bkFace" "0bkFace.0bkPlace" "0bkFace.2bkFace" "0bkFace.2bkPlace" "0bkPlace.0bkFace" "0bkPlace.0bkPlace" "0bkPlace.2bkFace" "0bkPlace.2bkPlace" "2bkFace.0bkFace" "2bkFace.0bkPlace" "2bkFace.2bkFace" "2bkFace.2bkPlace" "2bkPlace.0bkFace" "2bkPlace.0bkPlace" "2bkPlace.2bkFace" "2bkPlace.2bkPlace"
"xi7403.lq8033" 0.405889622821902 0.449201402021576 0.36808506996515 0.329735329090577 0.384504807457971 0.524258443495595 0.347483924012057 0.368736678632148 0.367119137044118 0.377426472749771 0.309977967385679 0.271444146332254 0.352663964458099 0.492652015101407 0.311002586099685 0.353095040430161
"ei1052.ie7709" 0.156580386475589 0.138590182679202 0.207899855777838 0.124135315250434 0.188907881160752 0.345377092769628 0.21090048326678 0.294200299124198 0.245590148976928 0.193093031274044 0.270549308402997 0.166188013609325 0.292262713094229 0.429580598319215 0.290562589741466 0.386759324456826
"bb4934.ly3200" 0.437967537313719 0.474054082068893 0.443111358874905 0.476460844996601 0.436736588738528 0.57004186925969 0.41048784704625 0.562618823795814 0.450451202163774 0.461447482016213 0.444035114371944 0.468568825420854 0.42533530855251 0.542973212483328 0.396676636937443 0.543881361991396
"th3865.mp3370" 0.353518476994496 0.305203098524595 0.412311490579057 0.307166477449586 0.439144563089554 0.492384959067866 0.478709763667412 0.433958080028929 0.419546890398591 0.372483378954646 0.45693103990129 0.353656285686579 0.45580568398495 0.52759713032035 0.493735276865934 0.47139360838755
"it8300.lw521" 0.435279419576403 0.413847689046133 0.393945889185758 0.365023040849151 0.414720943468967 0.54532325558261 0.379235907642393 0.495896343450045 0.4306237211266 0.406369187793852 0.408588512195396 0.373147904514367 0.400180244850979 0.525978484503422 0.368838145659428 0.487562451038932
"xs553.fe3118" 0.474284673516385 0.477895149682583 0.475119916496591 0.48671589068789 0.459440248611144 0.579129234722741 0.440588247082403 0.577331525306314 0.450819919193267 0.444675247594224 0.475694199696014 0.4495417942186 0.460404100463451 0.571620561714746 0.436016568437444 0.564115656207372
"xg2390.ch6597" 0.507485449647809 0.473649491684834 0.505022852686198 0.490049750230824 0.523051028939832 0.536879405092388 0.50660219083538 0.554092497250512 0.477856606762106 0.446438434947704 0.479255446187708 0.455854092786818 0.527227572367788 0.526703342801194 0.503857711884571 0.541238854682262
"vj9648.ym4818" 0.468363380790057 0.428544057002739 0.432421753340867 0.439842652117619 0.470144819069197 0.532552518567059 0.445907183776836 0.561385150617056 0.459667176456748 0.395255597529468 0.434091332021658 0.416077283184194 0.474414740426823 0.527511094051501 0.435894836646266 0.551757098455314
"sb5631.gn9389" 0.43097231202241 0.418234409114635 0.412651836413584 0.441944532617176 0.453891309617192 0.536880950313996 0.412362149523686 0.561355351340208 0.414684298467569 0.354899649339589 0.401502432101469 0.396446771974037 0.407617944253235 0.508194495439849 0.37232611856952 0.521014024367451
"ex8507.nb2856" 0.258559587462161 0.288470577226858 0.359420731056217 0.258071754726513 0.223958979547958 0.412721771932309 0.35279320792108 0.334338746279118 0.259814283121918 0.352784718915428 0.412371400695568 0.305706664837141 0.199127916887277 0.398336760437883 0.331025615575993 0.339574317329243
"ba1212.tq9582" 0.359851766827937 0.368699523620402 0.345972530421054 0.329027294028029 0.374261432984073 0.508917937995748 0.313834597012875 0.456702978230262 0.410420147487865 0.38677357118269 0.35944787061674 0.353035046329696 0.352422342899557 0.470911673252488 0.297128649002204 0.423063340700918
"mf6943.cc5360" 0.352297550067928 0.338602039850794 0.329517963229769 0.350646880533388 0.499060023559074 0.527031213659475 0.495215996649006 0.536227876315058 0.45561364363947 0.401267537199869 0.446733931151022 0.41443431947223 0.488651465592307 0.511653409146647 0.501435047550956 0.519641203567313
"zb7543.tg8735" 0.31133527360704 0.325429814638803 0.326730102259412 0.306184268490775 0.276739697920324 0.415543352578978 0.326261917850797 0.404653278741092 0.305410509969621 0.299102773311076 0.342973850314182 0.306522563982196 0.267245497861705 0.399914112256129 0.296785634588097 0.386112614009964
"gg702.wc6927" 0.437697542737416 0.413055780680988 0.442255904532558 0.434726827237218 0.468368260074282 0.541788403779154 0.401250193795281 0.57477163869075 0.440183178111167 0.399320584996202 0.4351820630992 0.414774623003946 0.434179914619729 0.506884948929452 0.386235204752237 0.544902243027107
"xl4234.ly5693" 0.195308008291502 0.212354293054554 0.236811624266966 0.23138558724912 0.274493654715118 0.405800573490824 0.322273944630005 0.423925871261116 0.254952536935981 0.277929589141341 0.310710008225502 0.301308965947263 0.244886201872188 0.386050572265414 0.29975639973625 0.391060300094966
"qe5259.vp9271" 0.480743286120939 0.487891798458186 0.449704751783177 0.496487075655058 0.466485848540262 0.56819362036159 0.429157195606191 0.557826810968939 0.458118045250417 0.469911566894564 0.431225572246866 0.472048273716794 0.430025372182411 0.520977047326949 0.380040093545948 0.511603124769027
"nj9775.wz822" 0.486615609193976 0.393554067490723 0.412385140135654 0.39132299379396 0.393366211146296 0.486173845491924 0.350734804108602 0.452710794196885 0.524681503141183 0.372207174002686 0.430188177391506 0.375440125104226 0.403065422633018 0.469579291570151 0.36610216193896 0.448756604738454
"if340.wp3000" 0.432555065361099 0.459120194531171 0.376989754188982 0.390518672960374 0.383620140287115 0.537481676798562 0.313038680915991 0.465762196642359 0.495697034552272 0.49240730706093 0.458113354476235 0.444459240790044 0.382191929669579 0.519820965429592 0.31841256803812 0.4735897976843
"nl5754.sv3117" 0.385257011834863 0.45292808188455 0.412189300902632 0.476219570702073 0.364507698343432 0.525221399459831 0.395128319711131 0.538768921931669 0.380255183308413 0.439638306619135 0.443661261028143 0.461400408054542 0.343460095745379 0.529945001163667 0.367326378080867 0.535139242620185
"iw879.dd1868" 0.296163313325648 0.27219787943947 0.207521243824659 0.173556979855975 0.223597060913432 0.330204701943309 0.169077132473912 0.220588716982856 0.317554432534788 0.290992444101425 0.227179724428603 0.134030565934692 0.228525801122331 0.299075171388069 0.164973080590335 0.241528098907377
"kc3518.id8755" 0.435693896136206 0.424151775749824 0.384106879619752 0.399254081696477 0.362068083126147 0.422674821733004 0.311739926378321 0.398163064728032 0.377453444793785 0.371747509761851 0.32972592856655 0.362521325993784 0.422042990605222 0.501977493126334 0.362447168889207 0.461859277593204
"ag9154.xj6341" 0.340268986369963 0.374932806227722 0.365919244732337 0.338872829570223 0.349927038306187 0.469884359307931 0.394995044223251 0.459466503782575 0.317162566060581 0.33091550791225 0.346586479430517 0.306324164957307 0.294067489205072 0.432119731662272 0.353331294925053 0.408471885351509
"nw2252.ct4171" 0.353496752389029 0.46334891075831 0.410271293237863 0.36296221225302 0.281696752405982 0.510657052004188 0.366124334816468 0.421458214349261 0.375964427620634 0.466434753831781 0.430026922478907 0.371839965941147 0.292324083049434 0.50889909588906 0.382505444828277 0.431967416516234
"jb5735.bf9456" 0.423605587521587 0.388445847798365 0.427947223147161 0.401818751809927 0.392707215471797 0.461048419588465 0.375986926444642 0.446590415232487 0.377364719147884 0.333525709301228 0.349213506293672 0.360915572212843 0.407153133921735 0.476818558357308 0.366311138845067 0.472820329740823
"di3276.xt1347" 0.269321529112344 0.377274135667652 0.375026006006475 0.364048593154716 0.254826506110109 0.404261701007532 0.291580561350732 0.409472407939498 0.281719978946264 0.318763742560005 0.407108940265053 0.344313802073051 0.280739020710634 0.423238287265967 0.31503230279595 0.430054842095976
"yc3953.ot7589" 0.281404967110594 0.224125871624934 0.260951319965242 0.24194274927591 0.316912277507215 0.332860988164733 0.260875785956622 0.347195051808102 0.257088039488647 0.178586358937698 0.243723138887396 0.198514465232701 0.310246089915351 0.326705082843791 0.262692100895776 0.346185712888978
"mt2271.og5198" 0.382744321381386 0.352200025953283 0.347610156651924 0.319209679445789 0.38850281696879 0.467583627890088 0.365604337941156 0.436277848787589 0.384295772894837 0.332891681792811 0.386107971996062 0.300416125428868 0.368188007381044 0.445530086548989 0.34904868977952 0.411917538496262
"oa9751.cq601" 0.405327420848886 0.394546529434359 0.370623466451552 0.377570315856191 0.305030335173354 0.349098198398607 0.236338820311585 0.354312808217813 0.356535935633315 0.320602209162433 0.310761343282476 0.291434388207643 0.413728801682009 0.455009345046973 0.334057131357259 0.439257891831204
"mp1889.mv6317" 0.517647198086766 0.41088047408599 0.484176889743239 0.423853015655575 0.500607344359356 0.561229746799146 0.468759225252154 0.556090738324668 0.508458289723471 0.389971072389004 0.488598706737208 0.404736991487798 0.531707469778666 0.555237396634208 0.495610621973203 0.560199332737206
"gt185.kr5213" 0.512330246331408 0.453316093572697 0.474725744444318 0.442464737392681 0.434403142931636 0.564693873431819 0.3967259292166 0.549087798739655 0.451480617236753 0.410686780713923 0.426197724620452 0.401424512745803 0.440967878518007 0.556042878649639 0.41225802632646 0.545817261177863
"xa9005.tv7987" 0.488894413715889 0.519180162709558 0.492768195361343 0.502478299361823 0.416352465549315 0.566680916640379 0.453603524347174 0.565753799183585 0.385073353298095 0.43024703608628 0.449863390500113 0.427792766967905 0.411644988865464 0.549895405358426 0.42645102590717 0.545583398394281
"cx4463.wl8439" 0.321660076673888 0.340973774308583 0.320322739950101 0.348851500912333 0.299788350062676 0.407758544231279 0.310976921083463 0.4105497164517 0.335585525763431 0.326853415037381 0.321716518084696 0.349570007939644 0.314410351647622 0.41232774226273 0.32393148814209 0.426075622493762
"xj3439.lq7448" 0.364266786778238 0.333289112719247 0.389064369456778 0.352513149210388 0.385911643140781 0.467204042244408 0.405557951433427 0.494346120513911 0.399842662061117 0.355836261982164 0.418656289452192 0.35983906988244 0.390093841428047 0.476941014328384 0.408062205498765 0.500664041869559
"bz274.ng7390" 0.463580688813785 0.464428134987656 0.444936348117905 0.463637421192232 0.497336220130298 0.609255284728321 0.463979943744849 0.584080350574641 0.485159428818626 0.45813704470703 0.432760347003788 0.453969581122922 0.422305911274474 0.554823172646045 0.390905063761558 0.530294056425627
"tx3850.ka7197" 0.398726158927957 0.392165119320142 0.382249027698203 0.365551939849619 0.393363582771687 0.489484874245742 0.378462645910339 0.447437007408544 0.36795119164819 0.360913626517785 0.359250182154665 0.328702379049743 0.379349541846452 0.479352518216834 0.365693446182033 0.441902699676814
"gk193.ty7521" 0.492401335972383 0.433085435464568 0.480641274696989 0.426506921300705 0.518406622606914 0.619666037573346 0.487254810183834 0.61525704913032 0.482292761845782 0.436134310005348 0.49305972281355 0.42359967894391 0.500340085884003 0.583000370865498 0.460103902664363 0.590072560366921
"ql1697.fi1759" 0.512307605309979 0.399052968634698 0.446900214114586 0.409909684186945 0.494787318439493 0.470710927641213 0.419975881472982 0.453047899495009 0.482114881852542 0.364585440204159 0.411657087174903 0.366983601033778 0.495485312512181 0.477548821580399 0.428008665070375 0.45592199769342
"hi4.mw2274" 0.443891284543955 0.477060656736173 0.46277276861987 0.467520687587758 0.411461220079515 0.57365367186407 0.447080126077149 0.563817475542777 0.460858472982164 0.501867044854313 0.483528585400547 0.502445628335686 0.407575170051329 0.561583749138118 0.442249296434259 0.559852560831098
"dt2936.zp8076" 0.427843106084393 0.327070156069756 0.360611076262667 0.353631213006133 0.426546747342895 0.485398421797838 0.358897874100077 0.519410116918203 0.40647566375414 0.317250142128397 0.36400244251274 0.356983721145951 0.406785437337377 0.48146987853462 0.339787068973162 0.524837899940246
"wr637.ny7746" 0.367292744452007 0.366388640815811 0.363046299545455 0.323359023204758 0.366640743263336 0.469626603880695 0.320693480626847 0.436134139631556 0.393582860190609 0.394329672835373 0.392717718856949 0.367926426005154 0.397568130030913 0.483993870970216 0.366394671249068 0.466204410270445
"mv6385.jr7919" 0.486565913665844 0.490258458635074 0.469034750626534 0.466827114131506 0.502737070076509 0.565108249557267 0.468980009601975 0.533179495525159 0.526082296740878 0.490533789539177 0.508050274811177 0.448040041918049 0.543075525093985 0.591616468684121 0.51483791279214 0.563497105677742
"in9747.gy3906" 0.424586611438806 0.381929490864689 0.361984852955768 0.40817900341321 0.356967085809072 0.406399755970865 0.288107058665396 0.410088208263211 0.427097761687393 0.376379782607429 0.372403455600407 0.394586455966785 0.373865592323866 0.440784742112463 0.3086898764448 0.450849385179471
"gk4777.ji4692" 0.324413332611346 0.420505613578671 0.392606077854823 0.413645519542087 0.39897466228164 0.52963249084077 0.431447986628114 0.518439260904354 0.29034609057833 0.36462025457446 0.341505773738253 0.356496797958405 0.373489968845648 0.508217749591591 0.412994115023536 0.489876969174394
"yj734.dz7934" 0.406783745624054 0.423139625756325 0.373706151560985 0.395728582190283 0.391332750277197 0.514058236995931 0.347697108522038 0.470927809098999 0.45360251507022 0.490218867084801 0.447339865184902 0.440176016132385 0.384875321281919 0.524947388132841 0.367190736395282 0.476071387052298
"im7779.lq147" 0.457354791018266 0.451385135936952 0.464199405318719 0.43959784270704 0.358138542168681 0.520433188513853 0.374306944052809 0.531839212058793 0.449882437726714 0.402165934984283 0.474841845582623 0.386983242465636 0.369125135727025 0.516114732901941 0.383129262929324 0.524117487268534
"lg2253.de3016" 0.365831157294128 0.393924661573929 0.211455471964526 0.282813142238921 0.375536583213278 0.456896581705408 0.199649647512677 0.335049060678318 0.408414806445099 0.394102133405483 0.22626415621702 0.293728357897334 0.312196148681556 0.391268117776027 0.176378624886369 0.266097125140184
"gj911.rr456" 0.359178867004678 0.324227529930331 0.347715588374163 0.324934910903049 0.327137026526199 0.437201495853608 0.333823279962516 0.418122984426726 0.328816352816366 0.281241576816491 0.354754687610423 0.293889192962416 0.357536375660121 0.451916635471241 0.364892550234882 0.436707330179048
"ho7321.ga3285" 0.363352560856758 0.363527525509799 0.360494202117596 0.293513488953862 0.3700042572581 0.378439877048626 0.34696902417791 0.327856351907596 0.270566226011397 0.278342850829136 0.273748035966924 0.223714948650175 0.364466332331436 0.376493848285823 0.354214890900381 0.316003343037665
"nm9643.sn9878" 0.246312348951885 0.301771914558248 0.376774501443915 0.276172083238414 0.293352234428055 0.409155714541241 0.427183312693714 0.373314075205816 0.280791759419958 0.352129132806851 0.45879799097296 0.321649787338416 0.280292274852717 0.415987662391546 0.423887141646488 0.383390921112441
"sq7540.oo3267" 0.145001368674996 0.199545740523762 0.224407072747272 0.172453926739235 0.101506579309629 0.290940250406597 0.227899502710793 0.222010460264868 0.165887532110686 0.231021022687026 0.242451964427016 0.173584705591303 0.108440018135214 0.293207016342119 0.224972644627681 0.236206041533196
"na1498.kj5306" 0.128320150201048 0.16760503276921 0.264214482104899 0.211421256899544 0.144659389831515 0.30647607320979 0.27070180923838 0.369735576313055 0.146565127470982 0.205481655643695 0.290186401677263 0.263986949709102 0.125584749786731 0.278769841904576 0.255535827249347 0.342587342323457
"em4298.ty9745" 0.407448761940603 0.324137525815853 0.182066966184855 0.500562778116296 0.30556971314772 0.398936474769153 0.156414377535439 0.567413179795251 0.415377732282509 0.314298432024712 0.187715519956233 0.490661376384342 0.296198719064531 0.398954802267323 0.141692970022061 0.56813309288022
"rw3835.uq2088" 0.305066937451787 0.372120059684165 0.326701280517154 0.306373825083738 0.364621231423001 0.509115489192042 0.379153359731347 0.434225436728841 0.295828896382985 0.338662802905051 0.313437120937973 0.278667643397571 0.358754690441244 0.483836743584589 0.358811472632187 0.41563563312154
"hw3146.zk7470" 0.49674816284578 0.484638110103033 0.491558529289783 0.495891336931015 0.523299996064919 0.615527470559493 0.507619760263189 0.621511731021499 0.562929769199698 0.514593248082453 0.585987828798751 0.526456835813658 0.518313195655865 0.606273662668184 0.510900523239118 0.623774560163048
"kz945.ob5169" 0.371726131411149 0.319037343371156 0.37398491782266 0.342781801136662 0.360702153587508 0.418521500914873 0.327101058200262 0.434722389620473 0.39136285072589 0.340694730553373 0.381800094496196 0.368291098997964 0.37174572374429 0.427364050355971 0.328833612458158 0.453686557079861
"pi718.ad4777" 0.549287516748559 0.489158280383515 0.529614308625066 0.488995826481386 0.513141194746466 0.576352036613779 0.492566860330918 0.576939525633279 0.531630742775026 0.432635309126359 0.521077612966821 0.448083976131159 0.501956333442118 0.555204096104739 0.483716729649968 0.561061583375566
"xl7300.rm8505" 0.520056962534565 0.503090907765503 0.543506089686337 0.547462458161621 0.491349417418754 0.562651039444075 0.499945572962512 0.606827959387697 0.512813819724791 0.467985434051928 0.527452140810839 0.525334894254698 0.483596762632157 0.543861958965115 0.470209441267584 0.587390373535968
"ds6990.ad7210" 0.158209810794443 0.114973893961405 0.15473074241914 0.23217567711239 0.105282199513756 0.161078119007425 0.0864137474320759 0.251226566572918 0.167798859405178 0.114830473064993 0.155213936749216 0.186731184584381 0.12531624414835 0.16874347207224 0.118894420992084 0.273807733938365
"nu7275.ri2465" 0.317901507000252 0.274225191044012 0.361729723939012 0.236453436036023 0.343194251182056 0.392047097440239 0.390667853780081 0.336128785520399 0.270648429208684 0.24113444187682 0.300663733034471 0.22369984045802 0.353549919201586 0.416196163146583 0.402651342023967 0.373099138316787
"kt7781.da1191" 0.259039486462556 0.36850045621742 0.381026490607126 0.422723935445448 0.274156195386505 0.461633854149448 0.388294512375302 0.523088693540168 0.27165360210514 0.375185684596885 0.402673617103796 0.417803606397073 0.27151638209958 0.447141813976341 0.39474920908461 0.522028220707074
"pf1072.dc2170" 0.275013044165899 0.308417889640441 0.310264683612299 0.332263225139633 0.199432570077232 0.3306891265421 0.199429230193658 0.348576013888384 0.319604542131105 0.37362285222456 0.369513364581488 0.394357163016997 0.21416263299446 0.360875773076364 0.21894618151997 0.377290662583365
"es6625.cj1820" 0.430498532008271 0.47190738740492 0.366368309403678 0.436625209433071 0.428183186597082 0.580162338857771 0.360027482880091 0.571005517689337 0.399726686669525 0.445393407015219 0.363639253036523 0.417226516356236 0.42975987084809 0.590588528797477 0.374301479032608 0.579408530467478
"ou3514.vu5503" 0.341561595010158 0.351794905373802 0.302571023245794 0.335436259308009 0.343086058808708 0.502854108679056 0.313274093987683 0.485304921971564 0.348610407289054 0.344211542315328 0.294569519856299 0.333740243325784 0.293008284668025 0.434213547306517 0.264961824234849 0.435337947371318
"za4766.pe8461" 0.266464078771006 0.365164406130012 0.276007842105137 0.36883457593059 0.281473345644873 0.465104202315059 0.255612070945567 0.480295094184852 0.267685079328399 0.368128275086404 0.309446305905627 0.362619357632678 0.274872443495732 0.449162309695556 0.247887389640397 0.474491436568257
"zv5196.fb9559" 0.393812047012466 0.271231230075141 0.403708678631673 0.28170439275891 0.333778281551219 0.410401937570113 0.316730719466206 0.415446379032267 0.374370004955804 0.265698634343355 0.401534240960484 0.277699771470055 0.331582165244879 0.410739360467307 0.318527699284481 0.40907660511305
"ri6941.kt3929" 0.2596702566206 0.21370475749954 0.310710913870585 0.235409275775694 0.22714812265691 0.315957875974672 0.290996420466231 0.333100553255524 0.254885605754491 0.1810601614986 0.307608347771067 0.193029988292698 0.223046812221336 0.34440284455878 0.287905549765747 0.365432959273567
"tk8020.uo8265" 0.477165029087787 0.339912153554319 0.467795798752268 0.35188163649256 0.438375744224695 0.465101448435118 0.408862510401269 0.50017603468692 0.495873708455785 0.341385079821072 0.48044858953625 0.348712960686505 0.444989160028979 0.459952646733965 0.421663247043403 0.494771601219972
"id4826.nb5136" 0.541221320751444 0.549057331583012 0.572552214712461 0.535253867993638 0.548546267455271 0.630708399721452 0.546932566793739 0.602830162535601 0.540629074542958 0.533217293638001 0.579210371246904 0.5173934500386 0.506922004194969 0.583591148062601 0.50616424770297 0.562404447095951
"br8986.zn8436" 0.432889812993221 0.445423059268523 0.373755962223484 0.408523016674872 0.441004505347587 0.557894003678748 0.392389680972975 0.498585789157386 0.461601331503396 0.468691057393522 0.430988868796487 0.401855210895762 0.455589710908887 0.534514999070012 0.394934845734417 0.482919042200277
"mw4145.gr5225" 0.34221877109324 0.289261188775074 0.300267525323918 0.378213399765029 0.325371014054031 0.354836618818665 0.254564643128023 0.421180049990647 0.313980445211159 0.258652583146871 0.288360569783996 0.325437928572429 0.29860689807628 0.335518419867229 0.239692701872092 0.404136647050518
"ap7783.zd3162" 0.402554168551323 0.41590805584251 0.372582294814255 0.424673821310859 0.438286483042144 0.603111190486315 0.414942011004027 0.574252345642062 0.489026603303372 0.48558528433267 0.491891443129954 0.448914202021424 0.443231075082704 0.584378302132851 0.415766841464383 0.555076981962155
"yr3375.qp5149" 0.515203189721641 0.493086569129328 0.449622918584369 0.442420312845686 0.437722830395377 0.521795049289628 0.358466099970925 0.420105467418387 0.507769003907201 0.451028064357859 0.461922333280166 0.419930359875968 0.397020012328696 0.486524978659271 0.325117208885447 0.368855886003089
"do8174.nw5058" 0.504142251506185 0.46031187224189 0.427484516177399 0.494097510066728 0.535951056458846 0.562537398771353 0.440910750994331 0.598175244201197 0.496792680208136 0.455033838285329 0.416229091911837 0.482997852137996 0.481739434274402 0.508093010616668 0.409881573873884 0.541846161904271
"ju9775.bb4537" 0.263226408850562 0.497101659409517 0.40399978718141 0.383996434925582 0.228963126807648 0.515850246303958 0.348439383479068 0.421570171126451 0.193046338600676 0.435722922999033 0.422679446380395 0.332083706205947 0.228401036915467 0.520122621721353 0.364196290255797 0.428834650626501
"pr2765.ym4476" 0.508540538874079 0.498381634534528 0.515709147159123 0.508085131446669 0.516814665313539 0.584307164172324 0.55789621604929 0.595375952356809 0.53736666566931 0.48945902468793 0.570436782808369 0.516617517615218 0.497002156222849 0.582475859839701 0.547924734047518 0.601009632209028
"gp7471.cx9808" 0.439687651570604 0.392087571762461 0.310559776080669 0.419494077848466 0.436409203254765 0.508642332189762 0.263443827950328 0.513438272214228 0.37753644679033 0.313610236301902 0.264752060472152 0.341314001148303 0.417979091925306 0.503916827485628 0.258852915590418 0.507170757672658
"cj9450.dt6892" 0.608160388644541 0.561395334422818 0.546483325236398 0.580125146713035 0.566506445271608 0.632122301448019 0.51428296474977 0.64545889376005 0.569315382809846 0.50660936625127 0.49959091834617 0.529513710652626 0.581739553713311 0.627456257931816 0.527031254086771 0.649633844411482
"zn7696.zs5172" 0.521921876208076 0.439171392466814 0.533892775945259 0.460239576692479 0.526802336281976 0.593992317190119 0.521566084181597 0.583948375268826 0.53151368969173 0.411635556342117 0.529533573086144 0.432248864563303 0.505653881928725 0.587699978420034 0.508685776762005 0.59378694758633
"bd8517.rt6523" 0.407136277857222 0.382460975053996 0.394951253242599 0.364180191837146 0.436802247558418 0.497437534441571 0.407206607373263 0.479578168928957 0.16060045424097 0.152880987691693 0.134040365681868 0.159701971806313 0.412342099815553 0.463356019242867 0.388504011231315 0.457410670458671
"qg6812.un7328" 0.407272980161071 0.391044280821782 0.403595728887089 0.38717413174508 0.42667982135816 0.528822827513684 0.397258836016246 0.521629202738877 0.449245459798667 0.386116980163408 0.451860450572173 0.39531044242139 0.413109810600239 0.506275077219642 0.391297959149955 0.499690282907284
"ca5018.fd517" 0.549043975915076 0.527323197477549 0.544225327996197 0.528697287686339 0.505621041937562 0.616786877090292 0.496472330892537 0.618378476829213 0.565640446100092 0.540911986018444 0.570964700291212 0.560978206601524 0.511305949520873 0.619096157085459 0.500800472726251 0.629716371263934
"pc3748.jc6534" 0.480014187367597 0.421032677285314 0.462916084276425 0.434599254659579 0.426565034152182 0.47537763442303 0.375346858456335 0.469067637453773 0.503506394035571 0.436112870894705 0.469427521084568 0.438872288368995 0.466074582179303 0.508480436165575 0.422157266485682 0.512114347612741
"ai7564.lv8272" 0.435905188007 0.433038465207751 0.38443559254617 0.381398061307602 0.400894311810132 0.526986321119136 0.338513827930086 0.471768620220486 0.423066689454826 0.364208941099085 0.406264572197249 0.364157743664422 0.414411017005968 0.521243274967251 0.356825879697144 0.484634922736767
"jd1964.kc6064" 0.352845480909653 0.331841480001669 0.387307731254148 0.30124896086341 0.352503160846702 0.468140786851856 0.346842727454562 0.41163419171587 0.400436736705078 0.405162611186949 0.438796515582095 0.369838442626128 0.388301417606596 0.50978058400526 0.40967636954999 0.446300148153664
"vl7071.op9792" 0.481637113450062 0.451741078045295 0.509827762910169 0.413853664167246 0.496555385219444 0.551565120694612 0.519669433158402 0.520273858847389 0.418959362113595 0.393188470824905 0.472896709762088 0.358667075965527 0.47314680087646 0.52570632872249 0.498391040324952 0.49921424724526
"pq8384.mi5876" 0.399611226811329 0.412690816796046 0.378987877286994 0.381347004372139 0.284236519133087 0.387811289820116 0.262946749859885 0.37645731194542 0.395208080654792 0.342566514687728 0.388413800793622 0.345999018788826 0.282963619444014 0.398424624127651 0.272594174152171 0.381199810656962
"xm7788.di3023" 0.465626760491822 0.451520027208505 0.420988487116064 0.453724392223229 0.401884741399837 0.553688607698515 0.324297965577355 0.539578437700879 0.498884570895351 0.472064541742433 0.447131777128522 0.469807561294858 0.42761084292902 0.57848338819555 0.357717189440368 0.572685408210673
"go4030.yu3541" 0.360920526678424 0.358565727586673 0.361625571384528 0.333503502490291 0.272591353653097 0.343453529637028 0.299367734668222 0.317457687733102 0.293710427619238 0.296363922048817 0.313689845147802 0.286067113897365 0.397771721481574 0.461466961209222 0.410198992061562 0.427628088627515
"dj7661.mb9692" 0.550346043860656 0.506327967773076 0.528626561517626 0.505155410511662 0.485262584746474 0.546828508570033 0.462243550480194 0.562051878138048 0.498265136772923 0.414248678059928 0.508319995970015 0.426689396080881 0.499078097930585 0.552901658801503 0.461174814942509 0.562486631049469
"oq5597.go2095" 0.434484972198727 0.447997403108166 0.41426682881203 0.431359667934282 0.453811165232433 0.550178594141455 0.42796322179074 0.549507700818203 0.461395113910221 0.438244169273203 0.454709332038826 0.443293923096692 0.430410393529906 0.514971372872928 0.403739701211831 0.507140379111618
"za7204.vo7446" 0.529578013030881 0.542344199236237 0.511745508384501 0.563570775171339 0.445869104173106 0.577316436462442 0.507685246130792 0.625762148491664 0.52406117154296 0.525821864109636 0.53855098389608 0.555773260552025 0.464890836581056 0.597767329839706 0.51296319598044 0.632632733837158
"qs9711.vs5826" 0.134630193050967 0.122269270298661 0.141682379259291 0.118293743763753 0.330720268161341 0.377100525267908 0.317169677724855 0.422238578409859 0.375232737462197 0.297283469246049 0.362582997614769 0.337677577000583 0.300330987281857 0.339579810934181 0.281705876628684 0.407048436538441
"oc1318.tr2659" 0.471683203827667 0.460944262753277 0.460257861107025 0.479899790365297 0.460586539822131 0.593182834130071 0.402673766851183 0.587002072245465 0.489079347518945 0.470943687034616 0.482135341609816 0.489243526620234 0.462842986529904 0.593416638737494 0.403227710529759 0.597406316942077
"st45.kt9829" 0.48467609604076 0.407216743215503 0.480410538000634 0.418580773728056 0.516894325569493 0.561116282046184 0.503345785717227 0.550569815361624 0.433197531362379 0.368341177109429 0.439827672456539 0.368497123492063 0.519050956010434 0.55135808583606 0.512763675836793 0.548159196103535
"hk7512.bn7978" 0.455873995316013 0.482837446167103 0.519415010080755 0.486475090347669 0.469548385687204 0.578082972643389 0.49407758690707 0.567759912596845 0.490658001618498 0.475562372330376 0.545261853237629 0.486848874645357 0.468202359824064 0.5647582969246 0.493889526313203 0.567996268428612
"kg1432.ml9653" 0.502846184690459 0.505738836348182 0.512447941186751 0.495411625192849 0.508363388234668 0.574369760700059 0.530929548836774 0.559028682236571 0.504188733685405 0.485696788863362 0.523416592822417 0.478573637908227 0.511571243195458 0.605107561853576 0.55169642887999 0.609408206746643
"gm1079.hq7147" 0.381854211823416 0.434018841352447 0.342246642361754 0.441136257685453 0.327154512290253 0.523791931006564 0.290456720245984 0.525871326609508 0.356057286491977 0.401954887020755 0.318303196569477 0.414930983074476 0.294532294600965 0.510071663682138 0.271215065287787 0.508323587792448
"fp916.da6972" 0.300010098006658 0.318959192740812 0.34904077670655 0.356007319731157 0.341544888214768 0.448190759393265 0.321975934557617 0.463607290644132 0.356551197588582 0.424706087764543 0.397299459183313 0.45253142524214 0.308719263828552 0.423716848417628 0.30049388516268 0.425955149448826
"le5590.tz3071" 0.263016970010003 0.242698348272851 0.225756233901578 0.271849179794774 0.297590240911847 0.404689057909998 0.259164818125026 0.387248586612735 0.261936677854294 0.252109175325081 0.226348116239824 0.247183385401723 0.253340177598444 0.335263990496795 0.220730774959486 0.317950361288176
"vh6049.lh924" 0.506665134350992 0.420578199204122 0.4673063403024 0.424255743381873 0.511821808276104 0.563885828893084 0.521494028874775 0.578280316325741 0.510034708111602 0.437302885170963 0.51559672649111 0.460117017989287 0.486198261992147 0.534672744714958 0.469579190352377 0.522434959136337
"je9720.ay5994" 0.402300635182964 0.383515652584113 0.371682188228891 0.415310333555508 0.341726431338005 0.483812115273134 0.345667284814743 0.483164419367777 0.391481670397711 0.395760003628724 0.384832298479707 0.415570648480161 0.313887407244276 0.480506729321509 0.318013628451779 0.479297820835641
"mn3104.dp1391" 0.403183672102002 0.379721932077152 0.408784893880371 0.361783740347417 0.451342917373045 0.524251158959812 0.4341451763543 0.529216216053664 0.403750963014332 0.384951599325544 0.409024056375316 0.376037406911977 0.425232761439589 0.490754400023421 0.408318727266989 0.478976375508142
"yh1567.mg4903" 0.37191450184693 0.413801299024318 0.358079399408278 0.427073395682286 0.343320505045359 0.525635300712188 0.328723748754375 0.52297215567963 0.360563269893195 0.392170707814635 0.32863247716454 0.41249353637831 0.337517265910088 0.514410621074397 0.323341090989321 0.522254587594759
"du6146.dj5547" 0.254241922974556 0.252717324600379 0.208243333815956 0.272092510121825 0.302386741813614 0.422808258068705 0.283884841455092 0.405782439208102 0.289497598709681 0.269430808379673 0.297759749338244 0.22715334004456 0.326410560814295 0.407204775358086 0.274495940376889 0.42157889405046
"dt4657.zi8301" 0.375134406087888 0.302861942417204 0.392069782882096 0.312819972539133 0.311978562811023 0.366289764960795 0.37792892587518 0.3533904743917 0.293588438349642 0.259121511287893 0.346956631100591 0.264966615271582 0.307963185669876 0.377788293470678 0.392830753927633 0.362495716219602
"hk1453.zf7959" 0.522873310511769 0.470689218664093 0.495206742132838 0.48181213824605 0.510291705077642 0.599455856736604 0.502814376490808 0.603086159476886 0.512949072110825 0.466915852453198 0.497219855212357 0.473913334953056 0.460010797902105 0.526825446915185 0.4287093131444 0.536472479641465
"sr7236.ji526" 0.419350546493744 0.437320111394562 0.462047725492058 0.450897569406972 0.43522888523176 0.545808508468991 0.479333945878766 0.5700954749267 0.440674115881313 0.446249902718966 0.492086541151472 0.459574984882451 0.419888465247423 0.547099191173853 0.484672528782786 0.559550386924318
"ri1114.oh9470" 0.286271699609679 0.30998601727017 0.367292690460944 0.350518836710461 0.285539561872779 0.403568949690486 0.366766280255019 0.427802913363286 0.278914420057698 0.270065622589549 0.363816096234512 0.310331093723287 0.273238839218985 0.398358034998519 0.391065752303024 0.447928282189209
"yj7782.ok3739" 0.511990638741313 0.486156685538982 0.478884247454316 0.455371889876655 0.468972794568601 0.527165187852051 0.409555478720816 0.489377783608994 0.503343059581784 0.474138705549029 0.484856887404321 0.462856036263568 0.463300410387661 0.525919034790429 0.406448862238241 0.459679073187437
"my1072.sy3284" 0.439612193749044 0.342756291926537 0.406796691817772 0.323170363093711 0.315141605671532 0.403511548476869 0.316942758678888 0.399453244963736 0.431355828617942 0.279654024313778 0.39518239172879 0.259677031122613 0.379533150715063 0.468554648715475 0.390190181067894 0.469134005492205
"wk2336.wf9346" 0.0760102753417226 0.137463621602543 0.112461388036135 0.00577026831997133 0.0219260564371789 0.197358021072177 0.10637920508831 0.0706794659842608 0.11086406965089 0.206961101528159 0.176418577607614 0.0477265116479857 0.0522714227336613 0.215640568157656 0.126994690759868 0.0520578293359196
"ll535.ag1213" 0.413504993282152 0.460273705594503 0.4625491983417 0.4689907230494 0.356247166000184 0.489202729577736 0.388356915502621 0.489076854261408 0.422916714631533 0.461533695129791 0.477907558767169 0.487643426765294 0.358028033610595 0.470334563614036 0.372108771026746 0.467170163823895
"pa7039.nl1099" 0.519747129224139 0.482894608195477 0.470235586824454 0.481522583007076 0.463725949675051 0.528582886369265 0.392404956776167 0.517889900916074 0.451122469670038 0.41700153688003 0.431562323071175 0.410453979184671 0.487232247346596 0.526179653946559 0.413362855066004 0.524540721670856
"xl7979.wq7313" 0.470243792223477 0.425207038963701 0.473240133620201 0.424754051778701 0.472116272609394 0.533228446011116 0.453268556308777 0.532098616719597 0.479678396235109 0.42248488725321 0.486567174498803 0.427039488274349 0.504852163634117 0.536897030303796 0.48122298373187 0.546626619734578
"nn8253.uv5276" 0.567270727424009 0.538067702270351 0.528226491644351 0.533716782123149 0.49763912767087 0.587194946239947 0.470804320980521 0.569414515140942 0.556399540096597 0.509836790790378 0.512869029807676 0.493428637678976 0.53218476776304 0.605589550556368 0.493833008203308 0.581628369924754
"to4873.aj8654" 0.312284101461149 0.291956766177292 0.266755553485339 0.296567058234944 0.429880292637032 0.48161139223257 0.356248931816985 0.47825526091948 0.385348225532212 0.35415600199195 0.317457366230175 0.359831323969891 0.419194187566834 0.468402900079336 0.344944204714085 0.470578101033518
"te8356.js8365" 0.256052097575366 0.288029972728535 0.296481929575967 0.353914059403207 0.193979339897662 0.352724623539294 0.214133656757218 0.395449795804526 0.198471260343657 0.235778550785532 0.259493742532477 0.288741956645892 0.172570843736069 0.31348457690999 0.19708951847932 0.359575064386621
"dy8299.qx3978" 0.494578308027752 0.44456447936892 0.454613783392949 0.469789494482892 0.455755649525413 0.523064086625062 0.413571108121064 0.545178491045785 0.463137200985259 0.421727144289525 0.421993536836119 0.446254879580587 0.453159217539662 0.515910604030445 0.421595029041126 0.543610749789948
"gf8020.hx7747" 0.496679716445005 0.528691470298175 0.492654739156666 0.515686433844265 0.421399490868318 0.564020509695654 0.401921109747566 0.544363453960824 0.513829165697372 0.544434448014745 0.521502827733718 0.536642158069502 0.415421156573898 0.558191642890795 0.396106359954842 0.546743295917876
"xv7888.jj546" 0.441058400681871 0.466055506537414 0.445377692773361 0.488470375919592 0.401866933164331 0.511775170292987 0.388687461778786 0.521129100560742 0.430272573559061 0.41227256770057 0.412023167360113 0.430252179017469 0.4312326010047 0.523645901114533 0.409687937440189 0.550740435614509
"yi5809.oa5981" 0.541139098501489 0.447911227356108 0.432514355863507 0.429620418330063 0.432654549497931 0.425962502170001 0.309424699537706 0.442875796663131 0.519770350698037 0.414511831830585 0.390752809220898 0.423179726970949 0.450107779383076 0.439468670384439 0.319069060543129 0.474623990880103
"rm6723.yj5227" 0.492317607235233 0.443356173982155 0.417289562901409 0.421873245147758 0.49505802005653 0.538346054357705 0.424940706570652 0.512627754111985 0.500988702859557 0.43152550748328 0.451994552869462 0.417976062295302 0.498703578033843 0.541334118318667 0.427063166671326 0.517450598111845
"xf129.eg7558" 0.387786359728072 0.396435478330615 0.400397633292185 0.378346952151506 0.474069903913988 0.51759251143982 0.475492862119012 0.50466137044553 0.423722091396087 0.3636344700423 0.427012240294909 0.355665150903612 0.480165282587622 0.517499060462329 0.492372158929805 0.50550397798579
"lk7580.hv1373" 0.48971883715356 0.444632550973274 0.502700804733572 0.452492681032351 0.53898571621147 0.559951017256023 0.537707294996267 0.571423807098898 0.475465104747021 0.409815817455052 0.48707586579465 0.412479941164605 0.540220436174792 0.550985483324844 0.533524226623642 0.570631620484434
"bd1678.hq2337" 0.478796739220088 0.415383305150313 0.50334130634085 0.467805409656326 0.491027902716637 0.57225951807329 0.483491199566726 0.605813846214096 0.49047654362766 0.451049417154401 0.507113050834387 0.473170141388181 0.439768738280658 0.51128657008901 0.42821546788666 0.543085703085432
"cg5851.lh5049" 0.45186947659951 0.440654585861035 0.443621975764372 0.454806806523001 0.428943861037768 0.545009924645688 0.415329786376056 0.55586635541595 0.441830572584489 0.410334507787095 0.453070818411174 0.420152443121459 0.439996722235585 0.572614528439945 0.439289477337547 0.583206661569724
"mf388.jf6228" 0.363512800943045 0.369284648637409 0.358380822013786 0.365361035303513 0.302644279524554 0.441071511628344 0.252913251817473 0.436053353215031 0.314160415329281 0.311957863971185 0.305706433616349 0.293304628294402 0.26875909167229 0.408161223156197 0.221829937009364 0.398807323538067
"yr4229.jb2591" 0.316455907691439 0.406126957122373 0.35550570945199 0.42987694782862 0.284096066691033 0.474666620328254 0.342476075489191 0.50196021020333 0.289186597492096 0.377249398701842 0.357340125171424 0.41022696601483 0.308613901927208 0.486474903142987 0.349311710139844 0.501239699262295
"fn3311.if9016" 0.360811233132595 0.306315396780946 0.356409927349349 0.241232864308105 0.361590176077617 0.451525686606526 0.328401789583503 0.38136997250485 0.319085959612969 0.321476814231972 0.33341540742961 0.304911003243409 0.361948431471604 0.473397525833508 0.338192473446679 0.440679850680057
"jk1749.tr3760" 0.254257583905136 0.260424057028632 0.229737312718099 0.278360154947993 0.314034783792751 0.446187557394309 0.250926846932411 0.451149468619323 0.323023632371425 0.323612145614994 0.311840849875235 0.312036416682684 0.304976478804841 0.457464061935731 0.254680093440472 0.467544333548952
"dy4972.hr2878" 0.452882315926641 0.377300413562896 0.426635897225701 0.380088425652287 0.445463444716067 0.521146875937458 0.405881347719926 0.547390791563903 0.468146832975072 0.376968542952549 0.448754556131104 0.380669496880582 0.441580164886417 0.50338221313913 0.412693390970298 0.538148155874151
"ha6858.xl995" 0.378423565537716 0.445766876022132 0.393477719059205 0.47190654103448 0.32768877335566 0.513485030057461 0.319454135987433 0.53647785510027 0.368321638048001 0.416175127230612 0.390794857121617 0.457358326000658 0.345600015238696 0.534280234876273 0.335722406627138 0.55546700677619
"rq6067.lr2953" 0.41884205856273 0.361551615651084 0.401339562588069 0.379380913050499 0.357267882513427 0.425606469007793 0.32500245478324 0.411378993941983 0.442538197523298 0.399215425289617 0.422241010092559 0.398456656259673 0.312938901864725 0.396943216828396 0.272430925877218 0.376517089272077
"vl2882.hb7546" 0.397822119569262 0.436917873158528 0.441725896829022 0.433257404530716 0.415076413550974 0.572336154251264 0.406685344479106 0.562577689723581 0.436839103160415 0.446743702427542 0.518287183810716 0.45216671220314 0.441095359777433 0.61281391703291 0.447085376070698 0.596609983126677
"bx2695.fp5315" 0.439638829165361 0.417318723434417 0.44179789420148 0.414380295664032 0.421869945457708 0.524466291169111 0.419572701922143 0.511491969813343 0.387244431054745 0.405314050847269 0.41751558224003 0.40625954362539 0.396664491508561 0.507228017950405 0.411739007972109 0.50514127656886
"ah673.xd5612" 0.41193282310744 0.396484145019699 0.462426799774902 0.413334835739988 0.39833063566109 0.492621867254541 0.442567332072749 0.51024148526218 0.391028892692376 0.361354305824059 0.446579346441897 0.391570356341122 0.425519869780913 0.516214108754343 0.472136964694019 0.52416396526554
"xp8514.et5333" 0.424628175782211 0.273642196748401 0.386269409179612 0.330110799610713 0.49103147408444 0.533495502228666 0.438692574036618 0.589235777609553 0.453063176917927 0.356407189399756 0.424488188819953 0.401769683374852 0.48090869074708 0.539826014780543 0.430773765092401 0.598306743019265
"ex4669.xz6210" 0.441103025771508 0.388224497954717 0.330330719733761 0.329032646243466 0.444441569815529 0.48730495141275 0.336475540059325 0.430592395249812 0.396614146488087 0.379879881322432 0.332325174476005 0.313735094492114 0.39974012033788 0.457208287842815 0.308097498191958 0.389798101272814
"yz5396.sm1241" 0.454936405869337 0.387399665213861 0.408236495253368 0.415542827829213 0.347874418407007 0.411995828433227 0.286605313569157 0.393300614695286 0.264832558118266 0.27582143422521 0.263554496557498 0.281193668025926 0.373044097854803 0.480578965121908 0.344793036992042 0.478458383769548
"kv9422.cj2737" 0.278130876797653 0.344426908306192 0.326636783082184 0.337512732661264 0.202980642350224 0.391089024305502 0.250517887956064 0.373954067278195 0.253619819837819 0.311576047929199 0.320515370237246 0.312456495977216 0.284483401581581 0.487475666779793 0.342655247972788 0.471994788109306
"gs4172.zf2566" 0.440401464172626 0.46280103621275 0.431769703418278 0.456447537330686 0.4504629850858 0.554257524245708 0.422919296188215 0.555747887879782 0.455544302147148 0.46257779203155 0.463827700034234 0.453984470990986 0.45577581827423 0.556505587042836 0.423285709389288 0.558921773663094
"tx5670.ju1958" 0.432878621730371 0.401645408749399 0.449844637041221 0.417761012994495 0.443820803166101 0.535810322611286 0.504073379505864 0.535897886896005 0.42965990150691 0.394501087514448 0.467769369219108 0.399155415614439 0.47378249695374 0.537953296607187 0.497819557488263 0.538242688507112
"hp4157.pd58" 0.346613285268998 0.30680321367801 0.290052991031035 0.294818872706603 0.421196191202914 0.500338481087859 0.294824333460895 0.461044019523374 0.403893485490546 0.352394627218379 0.351847195348656 0.335362337453032 0.431203505308525 0.498072045381301 0.309113195789323 0.466424051723131
"ew2469.eo2587" 0.462705783535243 0.370063536498132 0.438853567213475 0.365441351051609 0.470742068565383 0.53551784252902 0.461539147512528 0.505832453501176 0.456759217513888 0.349568516118857 0.445906999519208 0.350478516694846 0.417239044244398 0.487559316041856 0.404160334128726 0.464764301877816
"cz9241.tk2136" 0.31899107891175 0.312160204839331 0.260007645962741 0.337746852636974 0.300194933094021 0.40054382356189 0.224713599908278 0.416199666017727 0.25519963982784 0.258119805488939 0.24763494165675 0.272891015598039 0.300293279379277 0.360610009236279 0.235219642173898 0.398412118374473
"qf4888.zx4695" 0.378571159093235 0.352548775837105 0.351428828284855 0.361603546376145 0.375414881548589 0.464034555641724 0.320348446463755 0.463516873635631 0.393769998983888 0.347759871866489 0.354597423818176 0.330292605987327 0.386741317371815 0.485749149277968 0.324203829644648 0.48318838635057
"qz8329.to310" 0.324180509746487 0.39159063045284 0.420294103472454 0.494825631003752 0.311191038925664 0.483228916599309 0.377915481453274 0.570251854014844 0.350336855623732 0.405036820434561 0.451413609736665 0.501458399633946 0.301130332195577 0.463707972954377 0.376537126074892 0.56847859764772
"hi7640.wf8521" 0.383296161105398 0.333911139932255 0.296477311917121 0.277305525464883 0.289302589520342 0.368829990086392 0.214218916295674 0.326786887020849 0.33821118136259 0.271793681775701 0.268851714649534 0.221716315670182 0.326071655595409 0.357226647477202 0.216213546517316 0.301929525998381
"wl1711.vo1174" -0.12690553331037 -0.130687116804373 -0.125969286587676 -0.141800710842732 -0.132949568119229 -0.128579483310272 -0.131728225242456 -0.146867547770729 -0.0907407000112784 -0.0574726598398704 -0.105251502836265 -0.0699980730500573 -0.0529067243785518 -0.0485297387157903 -0.0621034063069484 -0.0621031116016254
"ry5739.va7234" 0.490844565870688 0.419565891578299 0.427316610965966 0.463138127265926 0.427882648533365 0.492177243141004 0.358565430594069 0.506011111138277 0.438703089897939 0.387247713459963 0.388247920165564 0.410470001012465 0.404827672317207 0.470072192033399 0.333564658537864 0.466273069430484
"gy5943.ef9987" 0.439029371492656 0.493435298885478 0.447138017033847 0.495436220032 0.41013769362691 0.573456090940129 0.389006525106472 0.590444382508952 0.408138565593942 0.416363762998951 0.42114678103576 0.436684839101312 0.385528576408395 0.531913914519629 0.352205325152576 0.5545567448604
"ol1435.do8148" 0.499765201010673 0.565594179036792 0.596691023643321 0.581274937242695 0.450327829409505 0.625983921308734 0.543290573634902 0.652318165892532 0.497432115405702 0.575739808157601 0.630258686274725 0.602160279290629 0.485675353153191 0.64550769596789 0.586051068896611 0.681238003765383
"qf6269.cc857" 0.49246056876722 0.417794238748445 0.479550001632162 0.428126914989549 0.431648972679425 0.498071709254674 0.406095955284562 0.506894831766878 0.484712022627275 0.414763754989002 0.49523468603258 0.440609129474479 0.456261683854718 0.526645829115084 0.424501119687808 0.536671982077237
"xw3966.sr6537" 0.435790642972093 0.500636308122171 0.453272647254156 0.462180165611119 0.427967120702843 0.591805118618878 0.428688381406919 0.544015499534152 0.441036182517098 0.499680426792628 0.500664203850804 0.456643820214961 0.281342166322874 0.406591345387623 0.287267929734914 0.385313797946653
"dn1689.ic7015" 0.450120132785358 0.456258647202072 0.465386645435233 0.451745418637616 0.435087267660985 0.514979681715095 0.419340718367612 0.536133273744547 0.39362185849885 0.38706572788356 0.397853304747986 0.394996607010155 0.426552824255827 0.47982611493584 0.407471401321921 0.507884612091557
"jc6773.vy9038" 0.347526646967566 0.364603097246896 0.298072009314377 0.402567357026565 0.296255775919104 0.413841901861813 0.216522339262588 0.454309255871244 0.308465824494286 0.285817784086843 0.281990301471994 0.336490348196312 0.303672161062948 0.412642589614447 0.231795987648492 0.45285695490901
"rm7208.fe7088" 0.4014397877679 0.373367527784281 0.397249919127765 0.382389592177437 0.316925485743359 0.42870243598046 0.292391341358554 0.427521055275794 0.308526501066148 0.305993056888936 0.305583929958177 0.31613587741205 0.307381218945704 0.429226953189221 0.285568843461674 0.426724408255031
"ca1129.xn8277" 0.505067040314499 0.487016124343113 0.446749993625936 0.460845941333415 0.450427891338691 0.535086401252476 0.4368411885881 0.526825803738167 0.505358231738244 0.461879788955677 0.476703284068108 0.453150637602905 0.373069993784409 0.438146526720025 0.356677488083885 0.436027227145154
"qw7624.ht9924" 0.450814326991495 0.419773819585914 0.468558529691941 0.384280816557322 0.390556254406995 0.52635847646036 0.413523452290934 0.480758774351141 0.419590407526903 0.377689320843217 0.440373548560367 0.344847029541323 0.431088457580684 0.56410224041014 0.459302612707882 0.512889032053832
"vw905.gc2234" 0.408078732259731 0.428078464626682 0.369057313401977 0.394264604570477 0.402345933196529 0.49240198315511 0.344114008123756 0.453485913138186 0.431696302577835 0.425948043924083 0.414059629994046 0.368833700349261 0.43367923576894 0.529742172740011 0.404361679300742 0.462416433574758
"gj790.wg7265" 0.483759005060655 0.451958209975709 0.455835458561621 0.414319094358717 0.440536868730851 0.552020352321314 0.406952967260433 0.496844381304668 0.462271551145414 0.440372189798503 0.428621757797754 0.396909494154072 0.463497737081599 0.546781205999769 0.417298727597749 0.503839117769305
"xx3869.xp7855" 0.372739172891094 0.409690919358471 0.396154599029526 0.375901426208094 0.367555973185348 0.491476859991894 0.373857316278987 0.481833023991763 0.379138246894633 0.39845727166056 0.402919181219689 0.385968052228076 0.387539172646024 0.520592596055032 0.410832288791462 0.50626752118808
"tk8893.xg5438" 0.480532294340941 0.530892328510729 0.502339516471021 0.522854381792794 0.42248922512243 0.593985184356475 0.413196015805825 0.557916927724869 0.440219918741671 0.468985951488378 0.474435727140365 0.462781043242963 0.408549723726044 0.564744070714998 0.407770170800152 0.543260035153016
"fg3071.nb5689" 0.308753688465256 0.368049962460463 0.332097273299758 0.304305375352089 0.302471368491801 0.4768741124929 0.326105895839397 0.409955882779465 0.318096686203992 0.316310779394772 0.352108915484243 0.2742061268777 0.308728203139827 0.490400196736258 0.313769151666528 0.416927087305948
"sh9073.kc4722" 0.443756401496777 0.426097350252539 0.421247365584397 0.444905441795877 0.45222805699185 0.529772458289227 0.417181997304214 0.533829308874553 0.410987187910249 0.385992455609575 0.372821085551933 0.405853560661918 0.428099013544705 0.517160553265834 0.386688079029356 0.509556541748022
"st7251.gy9882" 0.361871162355202 0.33372878466652 0.301310782011593 0.297659702360554 0.333383304848179 0.403729678953766 0.281770306070194 0.390716525369067 0.33949440296158 0.288182884637486 0.296476557151235 0.255254508193547 0.369726539776535 0.427095835475968 0.31632055547562 0.398160349383248
"nn4900.gq5942" 0.460596196795427 0.454436025508759 0.395166419090718 0.4511237119522 0.446193483768447 0.534715020513071 0.367785141444953 0.539107704430881 0.462146264370119 0.435739523142519 0.407074358048875 0.440960981451549 0.429814673268859 0.525616481042457 0.372692944229423 0.544518576048849
"sb979.tj8522" 0.366966545497395 0.478478563950416 0.454380423860125 0.516678554952573 0.295357978936173 0.51568936556863 0.361846000362268 0.545992417791356 0.400348420939358 0.507178841995024 0.4821911332845 0.535411138076781 0.316712266932829 0.523469719432844 0.387347567573165 0.549203570408612
"bk9727.xn1650" 0.416383942116336 0.412875850453549 0.357321746017682 0.418544407864828 0.424648754569662 0.544595558467664 0.354455522802471 0.550895073017663 0.450604505357308 0.440823716696384 0.426594882767468 0.428090884598975 0.408688363561554 0.511030444734209 0.346879227404356 0.519036183319472
"pv8315.ns4482" 0.612992684822227 0.534831994238674 0.635830392282794 0.542220722217685 0.570401866365993 0.622306503333486 0.575470837375835 0.637970159647116 0.587570917080092 0.504921697964511 0.613701059565057 0.505320042138182 0.56591036030244 0.620272079560588 0.568710773772675 0.634402190541166
"na2143.qx8007" 0.335579427067725 0.294422902391028 0.327513747745034 0.331306171407478 0.313996817621682 0.34038042415667 0.302735245308074 0.389583589267059 0.331475014712623 0.283009631704049 0.297508419194717 0.313099937824666 0.334512025435708 0.359135786096414 0.316296539913982 0.403652696229754
"vz7960.os8438" 0.59414238243763 0.57139977440794 0.526134358341295 0.559711366311564 0.544324468444597 0.630093140822734 0.462454528578205 0.614048457242517 0.571993162746765 0.532907528282408 0.531729445932474 0.534935273198469 0.544889249783938 0.622862352432939 0.477397884049561 0.612778000630751
"wx5916.my7044" 0.53294269061829 0.52705312459664 0.503503328371808 0.528629510400273 0.524470017511664 0.617085927985112 0.477830302385048 0.617584826162826 0.552620142677561 0.535959957144813 0.521577657367772 0.544131307952661 0.52041037511889 0.620420032986905 0.484371157089461 0.630069456703198
"af3627.fs9681" 0.444362790949595 0.429554542097867 0.446271228304854 0.439829156542988 0.396260730353771 0.516585262275103 0.400382341995884 0.508424685994251 0.354165649699449 0.33795565408433 0.37513255148465 0.332454909569482 0.403149565474093 0.520998957106312 0.37793491070122 0.51242064855555
"ex6807.ss3114" 0.410559215376109 0.369850101422877 0.37411789771247 0.413587427387886 0.454176866226676 0.481243895198273 0.388164881837646 0.530893935346406 0.399794385294456 0.355467425620696 0.342093611092472 0.391178154810606 0.480567633626587 0.486351414211472 0.408811534561831 0.519149743270987
"ql6303.tq4370" 0.32511255865201 0.312117506957939 0.27783251192062 0.326125425546073 0.245219924019074 0.328026973718532 0.169133536265383 0.35474004316965 0.3066438067397 0.270244754162023 0.250535141677844 0.301706157082928 0.249938512478644 0.325973260173242 0.204896611178295 0.345677716936521
"zl8476.xq844" 0.485169599108125 0.461067233274284 0.522754245111668 0.499508329709406 0.40226795580098 0.482703471454689 0.401640144322888 0.500445982673884 0.460324313877628 0.427152688503121 0.485065692079155 0.448795005306158 0.421175212191609 0.493771362492354 0.429471796876641 0.515595264162207
"oj9096.lu5965" 0.287830729382375 0.396624765136962 0.365187059852995 0.393093573122742 0.205362638201084 0.457925367339451 0.27546411446334 0.442402396702071 0.278724709266911 0.390940803887405 0.376498005501546 0.386464553503159 0.210736410517128 0.454427229701701 0.263331389567394 0.459090316170097
"hd7266.ks3309" 0.425828086046117 0.422132676315934 0.474614834517519 0.43012669703649 0.367536641128675 0.471106280954311 0.398070371387071 0.481391987754432 0.249240159597504 0.246220542674028 0.277930876309554 0.250959324255656 0.359867476778418 0.467347998572182 0.391948046807305 0.476954875270574
"lp2952.aa4340" 0.440108737204001 0.435149171539629 0.465101871688019 0.411261174107768 0.451089175217541 0.572662462604563 0.461943593547648 0.548935292213326 0.398850157059251 0.344987878408799 0.443774048127892 0.334241031475794 0.460078107852913 0.56007968569221 0.454623082845222 0.546562244453663
"hu327.mc1060" 0.454278705828808 0.445715527135843 0.437339275803384 0.440324325454123 0.461761791067409 0.502586040261976 0.441518039843404 0.490541057960054 0.425975703342773 0.422626251224929 0.4272876410995 0.418538709187401 0.470109721985726 0.51063842662734 0.442820465509519 0.501867903772498
"vm6983.xr442" 0.527334889224441 0.507231815427323 0.486987389997542 0.508752056473053 0.502435766936404 0.55749512103247 0.483641574866227 0.568570061214307 0.584175187026438 0.554021218704002 0.548253320010825 0.558574585174295 0.520191569498079 0.564621206864356 0.504217776952362 0.587493021800329
"yp6652.qr1593" 0.394084043300043 0.384717376640471 0.389680388086615 0.376310215510379 -0.13989867751371 -0.10662874633384 -0.114618404891924 -0.155066805097785 0.339525963305094 0.316755922900405 0.312344353530357 0.326476503127585 0.161833423084305 0.236100875033338 0.151917174983266 0.197496856015468
"ks1142.ua9225" 0.417435779740218 0.442168981138116 0.383821553400801 0.397529618675568 0.350589643836351 0.490341154111986 0.286474144563655 0.469182223881224 0.418349758485509 0.431494710522915 0.399852474063568 0.403894484197651 0.414614071781064 0.540937543488671 0.338591308151926 0.497003323175519
"ob9396.dd933" 0.501366293347104 0.542994501659879 0.485235283118768 0.472240559845263 0.425953929712025 0.605279404946697 0.399282086443701 0.543601097378004 0.475628818957243 0.524086642692983 0.484343988948898 0.467136565264252 0.427271752211857 0.594380740722781 0.392435028637217 0.549539045294082
"cv6456.ry6595" 0.377886376932941 0.376409221624931 0.356738039039965 0.390173286560477 0.340665738320321 0.523389218244869 0.356722351946076 0.518644505265741 0.354845511673554 0.346256272505303 0.338658999948653 0.333641716926038 0.37896723664204 0.543351890839171 0.387245723991841 0.547674320849889
"ss6388.ku6307" 0.396065867243266 0.376559530322818 0.424112220747065 0.364979126626978 0.4813370859622 0.526737110585243 0.47843679145587 0.524517875945561 0.372618985832976 0.345287471373452 0.39567009213378 0.332278739162288 0.484761099654421 0.523363693086721 0.471304528339038 0.521501303473458
"sj2337.gc7272" 0.290573124991269 0.326000643685426 0.327582021899214 0.245421634309184 0.31748450723199 0.472354297207301 0.342524631996605 0.402963093524338 0.310067616646624 0.336216843093064 0.3564202091032 0.25344246448982 0.342975472247309 0.497339473056723 0.38081989629308 0.426255769466872
"ne7334.be7256" 0.326538354575685 0.328268079006617 0.332923241018262 0.331716784907734 0.305056892840003 0.3845681204384 0.316817500790616 0.402690069301315 0.229502345368028 0.231832439636752 0.258307200794022 0.230993024916509 0.309385534436798 0.401514006182494 0.29242447863535 0.404634894013466
"vk9147.gt4221" 0.564494275171486 0.492627158438379 0.574383356726716 0.500797687658735 0.520304439017963 0.581979846441699 0.498243811423853 0.59086071826624 0.553573592949191 0.491926606715775 0.566419518193945 0.493831472446855 0.570364394446973 0.608947311631171 0.545952441271517 0.616843510891967
"dt1372.tb4452" 0.452845329637529 0.449696320342327 0.473447559333291 0.488912127635944 0.324750961014596 0.487248877665996 0.338935558423006 0.496680974320834 0.429350356304608 0.372566824219474 0.454540200754345 0.402964559103444 0.364596230138756 0.491520562138324 0.362778134882651 0.525550958485695
"uz2382.rc7697" 0.368595305258404 0.349716579690646 0.419912251133686 0.369533289214571 0.384416814717767 0.478856284718134 0.417347911149807 0.468246115732647 0.280161817039303 0.249465319636337 0.286046699659307 0.274954096576885 0.375062958404743 0.459699772484821 0.392362625522153 0.459259603853066
"nt1800.qh8067" 0.524061445411412 0.49145515447495 0.519306072063862 0.499339080473946 0.487521238681355 0.559634707323596 0.454669643402942 0.559831042981406 0.502949047052145 0.459977541900695 0.507940847219888 0.460667669527475 0.498409928412004 0.566703191060985 0.475411476924586 0.569979798925
"ga7671.bu7334" 0.515847281553203 0.470699581509143 0.405248216549596 0.485058529607567 0.455228706275106 0.570159369892317 0.349859093447225 0.552041403633024 0.491815951746272 0.443521817878421 0.391712854137201 0.446076410838637 0.474508601574791 0.567855614253069 0.371570509055538 0.575556844296653
"ia6186.rw7136" 0.414438014862286 0.354318968067784 0.415656700247072 0.40279840645696 0.367487603116914 0.44387018169264 0.334204317359815 0.476561126780656 0.403598535967929 0.327366994552489 0.4002745247955 0.378166098543715 0.362935145380444 0.428975398574799 0.340357845614375 0.469508020654341
"zk7167.rc9209" 0.235452872099309 0.224839313856153 0.270980555625924 0.21314433711398 0.242683827903602 0.311478047918335 0.289105734655245 0.287930559847059 0.216293635603759 0.208602230461689 0.306823596635222 0.213970247137121 0.255644602213303 0.311860759438796 0.308360319799028 0.290359162599605
"vj9920.lu1607" 0.524307678352712 0.521533403484904 0.52812839650006 0.550724666839909 0.496410209244965 0.571556638654215 0.511064641250221 0.592372947852355 0.522590211955064 0.523474653217629 0.554560983607813 0.540850118583333 0.507087627958145 0.588758101314877 0.518778309565722 0.606271696697396
"hy6394.cf1740" 0.474040615115568 0.428099967567227 0.469347728861958 0.422901915374849 0.471585354581949 0.588871349329913 0.470248332866337 0.586273889008202 0.445978829369832 0.410224720404972 0.475737247131236 0.396667924454873 0.467767272815584 0.591371818217161 0.459671201624999 0.591715458897021
"yg7467.oy2140" 0.323890466748379 0.348287943481109 0.287235089472783 0.354721472718865 0.322678657153112 0.441497311615027 0.288437346503128 0.432607268275394 0.274219701035496 0.262408843278884 0.241059951733209 0.266493738067624 0.302991459315578 0.403702684517055 0.282157601684159 0.406588894725111
"qx1048.li2052" 0.407199222444656 0.376601625294439 0.392881192455079 0.388832917234176 0.419575731600256 0.526090959677344 0.376175529055529 0.512387846845232 0.407361259941978 0.354559039398975 0.412816012861723 0.358653028813378 0.396832967681092 0.517496216221199 0.351809573717252 0.510393814944085
"th6641.vk6725" 0.375737760782275 0.385318968540578 0.294476250873652 0.374773083244495 0.245921046612067 0.400909858536813 0.213371567222485 0.416849247793038 0.376296683873226 0.341777022239251 0.290347033314441 0.334680398950923 0.267972035803598 0.426082076334629 0.22828878908627 0.437630277193017
"ft8109.pl6619" 0.494972114532705 0.443913809289043 0.474490921059901 0.486923665379356 0.461599499256427 0.535636359790386 0.425954511077944 0.551807243120971 0.552865768848487 0.4846586137249 0.513217992799839 0.513622716424353 0.499063663981678 0.567847078013409 0.450264768951318 0.581447196834517
"db9667.mh1467" 0.358274944746885 0.257027317303235 0.285288382305257 0.3233929586177 0.371886372136092 0.396867878135976 0.289907929846589 0.472499963342995 0.261168486457057 0.184272897113992 0.223081189473406 0.244454681303819 0.35887780522392 0.388033237867916 0.309625001579726 0.461028121596458
"nd6153.zw5400" 0.474481887669461 0.463940759228396 0.506662501055307 0.437188305334106 0.429211798402426 0.576202058917935 0.492061195821768 0.541799215693815 0.518622357771092 0.497847735542321 0.576228576452688 0.479701448236322 0.443130362420444 0.585463113286399 0.511643370047789 0.55547775927472
"rq7952.oi1237" 0.503861269909575 0.472550256204116 0.483856994022454 0.469496866094473 0.483983203826238 0.549278890618948 0.444548185198348 0.533385026036794 0.519264196895767 0.496914265696859 0.5276594699615 0.484499834004845 0.467191882032733 0.513023967526802 0.434657317462056 0.499904521455976
"we4875.dd6703" 0.527026820299061 0.547548308956526 0.540158685010214 0.548275679341475 0.487514017783012 0.598690915002881 0.499930597041695 0.600934697626614 0.515544894440641 0.51704594316955 0.561043867226086 0.520540449910545 0.45917250039074 0.571076094462507 0.494819366848658 0.584950200736986
"ty1974.ix9468" 0.425795352137454 0.367601995993195 0.318429611982953 0.352926850873301 0.37203885346837 0.484296265143097 0.253422217347623 0.452338345437145 0.40917066867093 0.376880884047439 0.326687620770023 0.351651766356396 0.392508318600959 0.504161621597639 0.285656830253015 0.481906101591113
"pk2743.sv4570" 0.339372310246912 0.385741609548615 0.396758135636459 0.362345878559611 0.328417139646397 0.479388813355299 0.382423894970575 0.472755450922204 0.303131907429964 0.324905075049633 0.375495247021449 0.304863972342991 0.312893943569599 0.447384135353837 0.36212312875907 0.447105518864504
"vb3700.wd8632" 0.423128264692293 0.450643903062249 0.437494874411394 0.425162343321224 0.373636533830364 0.508549131444192 0.37593019349494 0.452933604103387 0.435464179538867 0.453082774292209 0.465647727074437 0.427531851151238 0.380312785284692 0.52000676092325 0.392703443402698 0.481339686818222
"rg4887.an3359" 0.441564147047681 0.493713542118136 0.499053358618621 0.479852652889602 0.420913474127018 0.547657201716879 0.445216595093036 0.523854819379713 0.435920850147472 0.465366873463568 0.492680599641361 0.450453491856661 0.442236821121013 0.581431124937798 0.471488957981779 0.564512198333251
"sq1489.gb9984" 0.440783582028071 0.378002465994852 0.437813042817559 0.388288004195961 0.408066399663156 0.498356979708525 0.363637789389352 0.484408558319327 0.452976638358035 0.369137264677927 0.449847922905058 0.384172303200421 0.426062794783067 0.484183981288046 0.379391293806622 0.483138543855776
"jd9162.xb9687" 0.436571841935762 0.378575055540236 0.344686115298318 0.368434768212916 0.465441889746932 0.540372031587509 0.375705373596632 0.488089420892008 0.474396629368073 0.408961166253379 0.400075976961792 0.395394797852146 0.496281884679544 0.557313725310065 0.401582361664278 0.532167212916626
"qi5042.xe2884" 0.395892156536898 0.480430517986243 0.464344117650262 0.456203495985076 0.302375455388166 0.519573149027022 0.351230778514323 0.500879985437776 0.373839039152606 0.450600055270396 0.438652158671344 0.429832246670544 0.291542977049055 0.50154837790355 0.342993889893504 0.480869536978807
"pl5006.ux6584" 0.47882570890958 0.517600098640373 0.519127699296403 0.384247097911279 0.419655495134395 0.55091661892206 0.424765441853857 0.443129413318321 0.430958115296328 0.481015867689203 0.496740583257139 0.378910118591809 0.511014354307233 0.658225920536381 0.54549726489648 0.537041114842342
"ef5797.kn6917" 0.340312397296696 0.373020403995364 0.393324846211648 0.391381516124967 0.316171794346952 0.453216372786504 0.326351493352875 0.466096886532078 0.362313492086751 0.411281279404344 0.408306247323935 0.436805208455757 0.326253965458425 0.456566019171085 0.344011866013173 0.480950745816315
"vo6203.pv6711" 0.464783826942181 0.480767234227969 0.48164046209821 0.511758582276015 0.386074371833093 0.524849765144135 0.379913496797992 0.549194150200107 0.413887174762948 0.397642872159309 0.430111081273914 0.417239373925761 0.41756603245146 0.567997242112654 0.436649993498003 0.595498607063177
"xb3564.hx8470" 0.423670621542643 0.438912022788657 0.427621443848173 0.448309029545883 0.420017377326899 0.510164762510158 0.415858884363796 0.502767409668678 0.392500771494083 0.369546400496399 0.417682125835086 0.37143352581307 0.44987948239401 0.521319667591263 0.444957119666917 0.522851132981894
"cw2550.sd9694" 0.488594835358187 0.461190453909764 0.482319469195816 0.453232193356436 0.503551903383988 0.59211018458198 0.469716073626061 0.598617019951344 0.492862857617009 0.480261846645823 0.497171224161825 0.4798781025634 0.461579002677173 0.540757707592105 0.432293629492088 0.563717233400791
"px4103.lj976" 0.397366070087957 0.434383005653095 0.405105144822354 0.444335039744588 0.393025595114407 0.515415502099732 0.378096488544257 0.521472682684063 0.401796234780388 0.39866341533887 0.424411862044616 0.402169080718737 0.388847776146263 0.493785656591117 0.377213164134384 0.506101556629005
"gu9420.be2767" 0.366328724439926 0.381390972655507 0.387898156255907 0.380856257069377 0.378161420075725 0.47041772055973 0.360874295689201 0.476393270351904 0.330593430941816 0.311073778380305 0.339396678782712 0.313271398938176 0.381285127751217 0.469951957176753 0.368662334852513 0.4801343145091
"th4838.ng1833" 0.438596479873293 0.421505613417425 0.460599740656878 0.453117609746436 0.450307477264017 0.488202488796922 0.456666782231147 0.513255385828332 0.425095967205774 0.39282939154482 0.452925308390225 0.421222979146723 0.46258807789339 0.500630818219724 0.478131121757533 0.537241595534705
"bm8783.fs4762" 0.307943006226315 0.283089975865231 0.323628636146401 0.280512137789207 0.305301655593507 0.36283255066159 0.288684910306215 0.361297094785255 0.293126956944962 0.217676179964541 0.310831876783237 0.255576687135336 0.341765811383792 0.389472702435887 0.338804185188516 0.395340178351353
"rq4571.pc4750" 0.472845622644235 0.406388019120692 0.41598926749674 0.444163239670343 0.45231082236756 0.51881876709981 0.407913734912863 0.535495147439269 0.463248562718717 0.374153720495988 0.450241205260996 0.420984273741027 0.457115939550691 0.527222963996098 0.433190808930242 0.548123688867106
"zk5849.hf3833" 0.199498687499548 0.310047649562245 0.390128402612442 0.333370535162504 0.268961826652403 0.483743972445154 0.411443587681892 0.495802961356505 0.176891114744102 0.306374802397382 0.371746066306947 0.335953597416762 0.185994493786376 0.364927783149267 0.349587160890161 0.394576960963349
"vg9773.wd8292" 0.382180286962278 0.372418561643767 0.309103230565576 0.397518284915877 0.36912735438648 0.51420109631516 0.296805836373429 0.521568709730905 0.409030667138109 0.42049950140706 0.358857197052895 0.443965113939745 0.346812698797869 0.519867524503582 0.295666405874422 0.527577480791418
"vm7506.yx5998" 0.434703948707776 0.42974067679677 0.403825681550449 0.404027481067587 0.47263813794998 0.575171631444975 0.466886845185771 0.532084086892593 0.505861109474394 0.515959831140432 0.514733601620279 0.49430256177803 0.453200980873772 0.546509874891756 0.451544151466293 0.516993218070177
"hp2318.bm1248" 0.550771005985252 0.507424964148093 0.551223794111975 0.495339007871229 0.525321523260145 0.594684033246806 0.50062080668343 0.579821756320781 0.479077792909896 0.437900275034429 0.488936143196323 0.430600442790802 0.502270490325099 0.572632198153171 0.482898664302828 0.557924488511718
"pg7963.ob4982" 0.24333066085735 0.2374161295223 0.236405582598064 0.270003842713532 0.280725174836677 0.402957496680332 0.298295795844506 0.425451220579663 0.343903679205348 0.337528114772386 0.322664526209162 0.361978464435898 0.294784534151352 0.341010533414587 0.273603041213877 0.365844686461482
"fu4952.mp4941" 0.197208314435612 0.193874684342074 0.150432855763565 0.214144422958871 0.25071632928883 0.285818653846586 0.154261494210594 0.304928884292244 0.257093848785522 0.229858528061582 0.203442516074699 0.254239605673457 0.198958095696735 0.27483834504541 0.13484957856647 0.28023398809269
"mj1492.el164" 0.532846064388689 0.503407078125524 0.513792808880423 0.478744958933033 0.481575759926807 0.594758356766449 0.468643374643306 0.575562425803957 0.538324447189734 0.513138734132267 0.549611821291961 0.481054735886479 0.496766003683512 0.582689980488498 0.475917006443726 0.573701471181294
"bn3058.jc6467" 0.455745813722024 0.414760667977137 0.443005260574032 0.438672998832203 0.406611090463004 0.499862168216607 0.397170485823092 0.507174472395087 0.4263203935177 0.383069620308568 0.4186687575315 0.408799568993378 0.385283913669049 0.508674171272641 0.376016275013587 0.518776224278515
"vk3301.aw7272" 0.492249963415886 0.504976017020063 0.472436920578427 0.494647107121646 0.377181336681539 0.525454624953743 0.403321062275132 0.527158191216092 0.409614970435323 0.402778040170326 0.431634527785504 0.414079240036131 0.406219494365036 0.558679132377189 0.419062108746409 0.563655287881883
"of468.sc9142" 0.296410824657451 0.259147668107279 0.306469442711595 0.276980861585387 0.273494791901967 0.384178447442933 0.297129634273444 0.399417690587113 0.276583195349515 0.234082061417809 0.31982541546576 0.25846523716728 0.262342908887165 0.386311332645357 0.287187968269002 0.4015667442873
"za2378.zl3796" 0.340966200590495 0.381495659395733 0.30526945559364 0.357514931077108 0.244911690762091 0.411652959979382 0.207345236334299 0.39313997628844 0.290493139484195 0.304693057446606 0.255945274605271 0.272665025482461 0.24212705071208 0.41873561945581 0.204815858211686 0.386553853631058
"el5413.aa2207" 0.389492147705296 0.416565309462246 0.394663032304459 0.444023923733971 0.33756213643933 0.481506088969632 0.345704320143003 0.493904458324655 0.397468379463522 0.443342045705241 0.415630486490063 0.453741092083275 0.319783449243033 0.469454836439541 0.317382703479735 0.486043454245422
"jb8336.ep71" 0.463640848480171 0.459663409254424 0.427355281070604 0.450366760894569 0.489167873672192 0.614565191317804 0.423289285649786 0.56185125491788 0.470853336572789 0.463590978759103 0.463522956323625 0.452215699070235 0.491254142275933 0.614077259484351 0.426423566989013 0.561800382583832
"rp6981.vg9117" 0.392047280264581 0.433853867848599 0.458964038711161 0.4382604786662 0.377045347463049 0.527116906838881 0.401993693192171 0.530085049047732 0.303650074708059 0.339650503875539 0.398211096397896 0.353038363257804 0.389409713933372 0.546157219952777 0.423101167562591 0.560789275838266
"df8145.sa5483" 0.396626702846622 0.402303089941942 0.400456006396973 0.410412650075986 0.359439308077732 0.491472462481416 0.369200308288438 0.463412194298814 0.401551215333691 0.416742660421423 0.431716143689648 0.418398693104318 0.380409281701385 0.499185637997457 0.377338646360464 0.483498315609124
"is8342.su9711" 0.509340506344206 0.514470715014659 0.497058354262815 0.510921786216503 0.544587382546071 0.634682907420122 0.52228909326131 0.637659790622137 0.505771482047526 0.485190293685752 0.500858655630624 0.48371734015118 0.540168558455015 0.625456386270542 0.507717406770233 0.628018078956716
"lb2474.ia9878" 0.5578227631913 0.547453483994479 0.523079045918332 0.529408464333294 0.536458525526555 0.628945434097602 0.494460037210292 0.608307861745912 0.542465096600961 0.50102082505757 0.514172944732124 0.48175160748057 0.525254064605331 0.618983063283278 0.482802983019899 0.60494012526426
"pc7540.iq5754" 0.328816353456414 0.374332734537322 0.265512953359863 0.361442284303248 0.332787910043915 0.45873364534605 0.270284345592689 0.423075095139053 0.373750482781412 0.426352174149484 0.296805732791896 0.399304681537997 0.317099628473827 0.456914728543074 0.275687701478995 0.420361227469616
"cx4373.jz5835" 0.302574300164831 0.208828793806564 0.243986565586227 0.188096095945969 0.332671295024224 0.337835843185146 0.266892307062051 0.330132671070971 0.316429878825601 0.178283536210925 0.268844330333893 0.170104918482102 0.339385123054324 0.343601566911314 0.279427166061527 0.345388421532633
"dn1529.ev642" 0.152662810356506 0.114004836165571 0.191730655854433 0.108753535156729 0.214793754761981 0.317645461833553 0.240463175430174 0.344480931032679 0.294375119475919 0.328570030605002 0.320964686882099 0.309576287646214 0.441731139325514 0.501611122964253 0.434756764747758 0.513932125139224
"ie8225.vb5592" 0.464835956705616 0.464856368549574 0.463796097682903 0.454870602924373 0.502939469749759 0.566091712402467 0.478546107149279 0.5441869368632 0.507201495091229 0.497110841534009 0.513502224027457 0.492031748326372 0.513353673918226 0.592524067987122 0.502781864563565 0.581074977350719
"sz3180.wo4163" 0.295391047471577 0.325063064497806 0.272593019070309 0.339317553830743 0.301476897198043 0.414710993895375 0.280805506117863 0.416078186475209 0.245984127486631 0.275147164593992 0.22902345257093 0.27000845391016 0.296798940841582 0.387137003911973 0.263488520017389 0.398125316682696
"im9891.by598" 0.416305084687272 0.363669253526468 0.415524406779711 0.335833451007371 0.467698162137085 0.530108924142889 0.459025990050853 0.486034936283313 0.425203666878909 0.3355706980234 0.435810578327277 0.286532639737603 0.446994252825057 0.515600867378387 0.434390994037824 0.501164197973534
"oq8073.ej1029" 0.337729636749112 0.365124206879343 0.373785637211249 0.334860267302958 0.386275351898007 0.486675592016266 0.417367361448931 0.44368476073031 0.324967864844899 0.327933426044565 0.384280393833093 0.295672356739406 0.342369979900445 0.432740553200856 0.345807247595425 0.38169712959465
"qv7391.gm3042" 0.519371159656171 0.516907894514329 0.453776037011047 0.463887210941978 0.451749691368594 0.54387880432097 0.373930050120245 0.481816808991752 0.49186712186809 0.473868287390666 0.43769556563182 0.430130262883078 0.49016342374932 0.57037606782442 0.426032404681378 0.530593708468084
"se4389.vi9187" 0.404759589151528 0.410188977197165 0.406059675967767 0.423947825617492 0.3796608989191 0.487080279237484 0.315819918184822 0.491124722891649 0.405445825821691 0.401525376868784 0.422121011245325 0.409238518204261 0.39889722248933 0.528244344879083 0.364252573253101 0.534016362903419
"qg1670.pm3264" 0.583690182720627 0.516540998111486 0.542054291650812 0.559368964454205 0.577426224668108 0.621283229275427 0.534356905578678 0.662425476878709 0.564050716064559 0.437955204761655 0.54049891315981 0.484945387806877 0.528344335398941 0.586222973842074 0.503953642921877 0.627500316176606
"uz6747.we7146" 0.500685856902114 0.467667968791022 0.529987226891123 0.477218793151544 0.487241021653528 0.547861537867071 0.505204775706471 0.553834338324262 0.438780900536375 0.394466837744834 0.457976120522858 0.414357300911316 0.445916963767983 0.520352196562257 0.465874663391169 0.514076155615322
"ff2067.jn2694" 0.430887406555042 0.428828472411611 0.447347534093683 0.467908265497969 0.406696770115704 0.562012898095088 0.37038477731307 0.589324127723226 0.401091142189422 0.386925777163807 0.433184914818652 0.424981424934861 0.420281761812024 0.55360071281994 0.390235166702634 0.580922251452908
"kr5350.hp3693" 0.421778904513816 0.377571696281511 0.402135265642195 0.394570902890506 0.364740035344086 0.476951929574665 0.323441112126662 0.500084575806748 0.410308541400227 0.324141654058628 0.408699345006312 0.365933429334549 0.367308655445734 0.46100531786772 0.331826293831774 0.500566337682661
"vk3353.hu5052" 0.348859992962555 0.366265019150111 0.358241670296304 0.315803232713244 0.350143808183715 0.488754412440201 0.348094460344968 0.398441231639017 0.364624798662911 0.351687778054717 0.367437842126223 0.289624514781757 0.360769211917087 0.482437726008415 0.365127602637832 0.40360015883123
"jw1043.sd2522" 0.414279077730667 0.403044895653213 0.394550411443124 0.401725454386404 0.432031648640119 0.524599241697759 0.385387633419058 0.507048691658318 0.385023042352181 0.35440488002875 0.355772918234307 0.355355911189864 0.439387347242458 0.51207559430266 0.380434249172427 0.505135340781344
"fw6859.oz1883" 0.39186423948144 0.472832863182717 0.383036445251279 0.397516884738315 0.403150992951175 0.545763977731799 0.391379441336399 0.469034766563024 0.397902036270116 0.439213086797874 0.371141469051226 0.374161602508226 0.387089714592394 0.513910560015235 0.35437078351368 0.452320787488295
"jk6209.wn3590" 0.367874078301726 0.403551062807953 0.435956113437247 0.443236218654065 0.411867984020385 0.542236592973111 0.430517057083168 0.574280501513956 0.405274902268243 0.453238154493131 0.466701884592076 0.480580606173996 0.400120142804728 0.536295376590952 0.398995944234064 0.571061764856764
"gf870.cb8758" 0.495019951849323 0.425958777758857 0.461148649945918 0.449795755891722 0.517493121814149 0.572174223032513 0.481994240369105 0.580822342473048 0.496545814397852 0.430346282894333 0.479524288303464 0.458317220385562 0.519433558194191 0.569661683276278 0.483762974976097 0.573605783771044
"gc5471.ah8396" 0.426377765221584 0.398416434001398 0.427272312777587 0.379439709516603 0.357420139058883 0.496672904610285 0.35911412319853 0.500463170526446 0.376530050606039 0.309248427085126 0.397399828428261 0.301415023531858 0.382558006485444 0.467561124134953 0.400575591312584 0.473646398948187
"ih4890.la196" 0.52410593134033 0.502053048625966 0.51635068581738 0.50121303303013 0.505692786684637 0.610938417487067 0.476287081093324 0.609955063099068 0.552592659681863 0.500703739816752 0.545380220571059 0.514927059628672 0.515320879486356 0.630416473083679 0.488763947368407 0.637129924742823
"tm7275.fp6017" 0.444496719213818 0.439826259109225 0.487329257860731 0.415628387490873 0.432679199898519 0.527606336735941 0.449542191913858 0.51304809095114 0.336694418723349 0.32258738006474 0.375834866407418 0.302349483766983 0.427929556795719 0.533866127487576 0.449397684225772 0.518208059028866
"nu868.sk2752" 0.289505150458563 0.38832414546638 0.386095399014991 0.365881909505925 0.129833285047121 0.411501399757895 0.257510539334516 0.411301453954568 0.2882028155984 0.373547169952212 0.382568949368826 0.361316591887759 0.181078344073226 0.438330202990244 0.29555412330791 0.426638138765591
"ev9134.xe4685" 0.337655499493262 0.35253537552812 0.296403331147366 0.306361866785728 0.361155138178751 0.503312165912082 0.326304436489552 0.404954108738716 0.370557944344157 0.388723158602625 0.337445398103164 0.325098593251178 0.346281878690699 0.51016646937098 0.320177260949743 0.405329746121996
"lh8474.yq1164" 0.340560606868805 0.228871721628029 0.379951919297325 0.33567408883736 0.303774187842438 0.272918419404687 0.329981680690053 0.383002282409941 0.401039149820196 0.291879200612882 0.436802892531553 0.381730229561968 0.334464345864348 0.30788993606135 0.359446486494743 0.414528832624046
"sl1458.yq5354" 0.332713047093496 0.364609948946074 0.372728624066859 0.335660474776426 0.396534659704876 0.545270563945759 0.442081897120923 0.509806678690488 0.324756709258782 0.355328316602873 0.347978688301078 0.324099654277058 0.394937715023992 0.541709972409489 0.437987151992306 0.50468357835712
"dc7254.bz9463" 0.437809341240942 0.394034271244523 0.466222357836147 0.374806173834257 0.555016911301492 0.624665036905292 0.544383428677888 0.598004485575125 0.5206258414682 0.451477295582688 0.545973176577903 0.424578301372092 0.546044928892453 0.611899513725097 0.531081616190163 0.587769911326494
"dr9939.yf889" 0.32804518878994 0.440376971379998 0.40351050422263 0.382951064150123 0.300638280349639 0.47318439186188 0.355592271945926 0.455923742151775 0.303165880754501 0.381229223127723 0.36953911401343 0.336796479320903 0.304528676882647 0.498739903924087 0.375430414053802 0.472132083787721
"vv8305.qc512" 0.260522887309887 0.229377682649256 0.228371339660089 0.310063771394098 0.24530336573421 0.303089533644564 0.221649222310491 0.400919276042006 0.242342837378943 0.160345966880119 0.215633177744608 0.232808403852818 0.279510360515401 0.316738936063235 0.235649619754857 0.402913471826435
"br4966.jh9757" 0.479528115514217 0.477246690190935 0.456390383127513 0.464895504889802 0.415138528618481 0.547439177690242 0.412729587869694 0.551081442102864 0.463793761519765 0.468444246125827 0.443908986946615 0.456655976991316 0.424172851331536 0.544667945955345 0.415414122030815 0.549738494667684
"zb7.fg4197" 0.442421815130065 0.412591236483296 0.372207935242443 0.396343796335344 0.334760285292812 0.430217922136213 0.250607210881654 0.402933375985293 0.461535708045056 0.401144105311335 0.396372313085384 0.370139309716238 0.406115185939998 0.490849337010133 0.31724427419062 0.460222900565707
"rb6609.ny6429" 0.530719554584918 0.436335915468617 0.457013140629073 0.434160784846909 0.486048201839251 0.538513591761959 0.44555519504451 0.547335248436529 0.505773343333136 0.406790375534932 0.415151095675944 0.396974578642782 0.529282663214817 0.598553295643971 0.438201583439574 0.595039888837836
"pp4389.zm935" 0.569955445695026 0.590076540093265 0.580261651702974 0.593793287088161 0.541954205124379 0.659935725567338 0.528134914281872 0.655278348729622 0.560765514584635 0.583342406156808 0.583901838119668 0.589647152368826 0.563226278457927 0.672985414454579 0.570923156621159 0.664742637790446
"ty3311.bs9596" 0.409610717616879 0.393800917019922 0.409569178073181 0.411526528696718 0.388084782060334 0.498573397044875 0.376477344684112 0.500071955821485 0.398998534078089 0.349207283945475 0.416284691473757 0.380897663140509 0.400432633423824 0.481124848648669 0.397007721665513 0.489697139890392
"xm9345.ss2996" 0.219910718852324 0.299110460007842 0.312445813969549 0.318861637870755 0.146067683179435 0.370754701978691 0.228109719364918 0.36609284619407 0.194415053147958 0.264208839805597 0.244352219302616 0.29092476773671 0.160379413266243 0.398735843549337 0.263778556578135 0.405251219854578
"ko6022.sx7276" 0.545294097042007 0.533174637936371 0.5084317656829 0.477550348801981 0.524148201170473 0.559773738879118 0.489324908330887 0.522621573957951 0.532934156792399 0.496524968001119 0.497899642172034 0.437929176605548 0.52964891532354 0.543691814213064 0.495820684060814 0.516416112943622
"zw9329.dh4351" 0.515272814061321 0.493329018676948 0.529375839387248 0.458730204237558 0.48297948279952 0.564224962415693 0.491098712651025 0.549823271823684 0.505630071009092 0.465597237728458 0.520884294425915 0.469868071810103 0.513150466199019 0.572397585283031 0.527760091549313 0.555939393224164
"ql2750.yw5740" 0.309950303421949 0.350866950651132 0.308571742287489 0.350373969309393 0.372539740927889 0.523448234920456 0.350418002711121 0.501998439855775 0.24913422179011 0.266884491556007 0.226209535887967 0.255288513458156 0.311128949968487 0.431267237418457 0.296004046752698 0.414679361339298
"aa7438.re947" 0.140504668800183 0.138103500069214 0.128950974916712 0.0717006216041443 0.296718437482925 0.413705131808899 0.258024795594473 0.176068211827671 0.346412460063342 0.257983364484345 0.215572373619712 0.0825404074750132 0.307856093101811 0.392568208284477 0.239153135100473 0.200185965503229
"zh7363.ju9079" 0.488633754287973 0.447965172529031 0.496119261548808 0.467996465297402 0.482738054462887 0.559815790192046 0.465601441356789 0.573337769703616 0.448421348700536 0.411638853341874 0.484589008568315 0.431005133944587 0.471619674431996 0.555601350921557 0.478618903694076 0.580127184646994
"qt7134.vr4751" 0.579832169288976 0.485331023840725 0.584609047555068 0.501771808140333 0.520682214655451 0.61551053715265 0.49373282963391 0.622357187138249 0.526858789964574 0.398505356695243 0.526027735739035 0.429580284899072 0.50309836134811 0.563478541757711 0.476904775350487 0.56791600837721
"ji2923.yk5444" 0.521368063941596 0.48450471709271 0.4905675407996 0.503724596885978 0.479989262452431 0.589589076186469 0.435906113327226 0.593470205135331 0.469656952519444 0.444906238284287 0.488216543911668 0.48548506314819 0.450585891621269 0.580353308820287 0.431126275945482 0.590078324346833
"hq3334.vb2722" 0.490086531568047 0.452867942696547 0.430254125649545 0.453467088679349 0.46979924716963 0.560588898334485 0.390493489057947 0.534817382365671 0.443796829834064 0.42097244491219 0.420626706251868 0.426787493837322 0.460379084092867 0.549820829722297 0.382800911022559 0.52235235692952
"zy3831.ji5459" 0.446513363002555 0.4690750368014 0.431457165996899 0.448282085138858 0.410135104903389 0.523721671361308 0.393160426542478 0.514403262270599 0.437353839604103 0.461357524974842 0.437227726271545 0.455749385777146 0.442196240397485 0.555479951092222 0.421643050615094 0.531483706389344
"vw7617.lg5745" 0.372811352055216 0.351611708205766 0.342061659781234 0.36918189951137 0.345483403601995 0.434862295547105 0.304453624896112 0.462698966397309 0.384432623124404 0.310673570247043 0.355046399920924 0.329266768240314 0.342020091397621 0.44498174399608 0.294547504731461 0.478060406892773
"rk9191.xv846" 0.47204485271111 0.435458461212349 0.46132437832071 0.468788592035222 0.440696324511874 0.536013866237303 0.415671517844297 0.541585306151298 0.284394933693029 0.323818965232041 0.285448297356811 0.34265212044185 0.35577550168741 0.483557541370772 0.357167309161964 0.492221409947248
