"V1" "V2" "V3" "V4" "V5" "V6" "V7" "V8" "V9" "V10" "V11" "V12" "V13" "V14" "V15" "V16"
"1" 1 0.751545751895705 0.790034412380249 0.790502511801542 0.751545751895705 1 0.709732059636068 0.912564167760018 0.790034412380249 0.709732059636068 1 0.729647785121764 0.790502511801542 0.912564167760018 0.729647785121764 1
"2" 1 0.382274566478075 0.313869335462971 0.436434518637115 0.382274566478075 1 0.36485944038545 0.530884281830652 0.313869335462971 0.36485944038545 1 0.489201830442794 0.436434518637115 0.530884281830652 0.489201830442794 1
"3" 1 0.757754860422046 0.702467266858293 0.777285647953722 0.757754860422046 1 0.794340053743477 0.821870150801138 0.702467266858293 0.794340053743477 1 0.679968272434206 0.777285647953722 0.821870150801138 0.679968272434206 1
"4" 1 0.636044996510316 0.653255645121976 0.516733562898818 0.636044996510316 1 0.738212142389448 0.837800126087125 0.653255645121976 0.738212142389448 1 0.781576891090655 0.516733562898818 0.837800126087125 0.781576891090655 1
"5" 1 0.832285366637029 0.855878334902746 0.817987902518762 0.832285366637029 1 0.823031709485439 0.950409853006706 0.855878334902746 0.823031709485439 1 0.814415109497036 0.817987902518762 0.950409853006706 0.814415109497036 1
"6" 1 0.729677990632135 0.815928190927266 0.722992704111858 0.729677990632135 1 0.675230495375239 0.904605057614753 0.815928190927266 0.675230495375239 1 0.725943812181921 0.722992704111858 0.904605057614753 0.725943812181921 1
"7" 1 0.839070143037884 0.841800337421491 0.786837725365975 0.839070143037884 1 0.762665222811204 0.932646662129417 0.841800337421491 0.762665222811204 1 0.788631536152996 0.786837725365975 0.932646662129417 0.788631536152996 1
"8" 1 0.717031610701999 0.746369033864539 0.725988518006154 0.717031610701999 1 0.727032412801001 0.859061348673849 0.746369033864539 0.727032412801001 1 0.673439696165554 0.725988518006154 0.859061348673849 0.673439696165554 1
"9" 1 0.620287732254542 0.636524524935539 0.639318992405699 0.620287732254542 1 0.667184194970921 0.890263599301563 0.636524524935539 0.667184194970921 1 0.6731928947564 0.639318992405699 0.890263599301563 0.6731928947564 1
"10" 1 0.769504350538634 0.818192705244333 0.711766221834434 0.769504350538634 1 0.71082053427981 0.905461491021574 0.818192705244333 0.71082053427981 1 0.747447134623402 0.711766221834434 0.905461491021574 0.747447134623402 1
"11" 1 0.771543479857897 0.851441868796364 0.772987110618899 0.771543479857897 1 0.769974027094443 0.906081696107074 0.851441868796364 0.769974027094443 1 0.766656599344935 0.772987110618899 0.906081696107074 0.766656599344935 1
"12" 1 0.672063054506627 0.783201883038359 0.699894084059122 0.672063054506627 1 0.68926118834296 0.887794385449348 0.783201883038359 0.68926118834296 1 0.705846176693939 0.699894084059122 0.887794385449348 0.705846176693939 1
"13" 1 0.731915715534543 0.808651444933108 0.70070414662208 0.731915715534543 1 0.628280182427959 0.886641398466171 0.808651444933108 0.628280182427959 1 0.6815020553818 0.70070414662208 0.886641398466171 0.6815020553818 1
"14" 1 0.7840140278726 0.804435568284089 0.734436336185803 0.7840140278726 1 0.733036246438804 0.908667470600208 0.804435568284089 0.733036246438804 1 0.746294962391419 0.734436336185803 0.908667470600208 0.746294962391419 1
"15" 1 0.773416508220787 0.805774693241142 0.757996617087413 0.773416508220787 1 0.723981102215311 0.910414941693036 0.805774693241142 0.723981102215311 1 0.750331962319012 0.757996617087413 0.910414941693036 0.750331962319012 1
"16" 1 0.739757201782689 0.844261558722258 0.720361870936293 0.739757201782689 1 0.72867841631782 0.927375931848936 0.844261558722258 0.72867841631782 1 0.740105492856277 0.720361870936293 0.927375931848936 0.740105492856277 1
"17" 1 0.553758761998583 0.551365183813421 0.551383311971489 0.553758761998583 1 0.672245528609175 0.784636033122682 0.551365183813421 0.672245528609175 1 0.623916115332195 0.551383311971489 0.784636033122682 0.623916115332195 1
"18" 1 0.571318487541809 0.561801367749941 0.64440880450525 0.571318487541809 1 0.611270677420293 0.811760897543218 0.561801367749941 0.611270677420293 1 0.603849952159051 0.64440880450525 0.811760897543218 0.603849952159051 1
"19" 1 0.767767057536458 0.79895295617897 0.705294390643216 0.767767057536458 1 0.66787147965233 0.869227752520261 0.79895295617897 0.66787147965233 1 0.653376817130722 0.705294390643216 0.869227752520261 0.653376817130722 1
"20" 1 0.736734455289525 0.783184705116268 0.733624645058411 0.736734455289525 1 0.611468781345394 0.870896465116548 0.783184705116268 0.611468781345394 1 0.695740935873951 0.733624645058411 0.870896465116548 0.695740935873951 1
"21" 1 0.72889381848931 0.739764655839978 0.599778900533619 0.72889381848931 1 0.802627541762194 0.76573194665227 0.739764655839978 0.802627541762194 1 0.730486044033674 0.599778900533619 0.76573194665227 0.730486044033674 1
"22" 1 0.729874294546536 0.7990223738358 0.765494839319604 0.729874294546536 1 0.605592257605636 0.778745041136524 0.7990223738358 0.605592257605636 1 0.618202381265711 0.765494839319604 0.778745041136524 0.618202381265711 1
"23" 1 0.741138191460448 0.738186312981044 0.782212456750359 0.741138191460448 1 0.749053182888907 0.826553240689541 0.738186312981044 0.749053182888907 1 0.721691562519939 0.782212456750359 0.826553240689541 0.721691562519939 1
"24" 1 0.774643140111152 0.894195158004698 0.782794977512043 0.774643140111152 1 0.728695959654298 0.943241593015713 0.894195158004698 0.728695959654298 1 0.745726910305757 0.782794977512043 0.943241593015713 0.745726910305757 1
"25" 1 0.760271984314949 0.814776838347899 0.770821104035751 0.760271984314949 1 0.734252714407606 0.918371358777004 0.814776838347899 0.734252714407606 1 0.723924107427739 0.770821104035751 0.918371358777004 0.723924107427739 1
"26" 1 0.687228387566209 0.714696212560525 0.628552152641798 0.687228387566209 1 0.736885964557669 0.723426248577576 0.714696212560525 0.736885964557669 1 0.568637672116271 0.628552152641798 0.723426248577576 0.568637672116271 1
"27" 1 0.791479241661782 0.861888725285184 0.769687271932398 0.791479241661782 1 0.7067086688357 0.910909427411325 0.861888725285184 0.7067086688357 1 0.72608049783739 0.769687271932398 0.910909427411325 0.72608049783739 1
"28" 1 0.758415013865462 0.717327831786518 0.660196682193969 0.758415013865462 1 0.75526705760186 0.876764924647792 0.717327831786518 0.75526705760186 1 0.780845804671739 0.660196682193969 0.876764924647792 0.780845804671739 1
"29" 1 0.826804471838731 0.883994109251246 0.83289729251355 0.826804471838731 1 0.761027226744689 0.946684692263055 0.883994109251246 0.761027226744689 1 0.813927370512006 0.83289729251355 0.946684692263055 0.813927370512006 1
"30" 1 0.689997419120525 0.694499602983248 0.645382250929233 0.689997419120525 1 0.715876488201838 0.89780729327898 0.694499602983248 0.715876488201838 1 0.766444235795256 0.645382250929233 0.89780729327898 0.766444235795256 1
"31" 1 0.75900949137205 0.814517784109876 0.721424237810406 0.75900949137205 1 0.765194777964422 0.900014914821325 0.814517784109876 0.765194777964422 1 0.758386977297094 0.721424237810406 0.900014914821325 0.758386977297094 1
"32" 1 0.773359381247729 0.838397766573624 0.748954531783262 0.773359381247729 1 0.665278215600498 0.914247788722213 0.838397766573624 0.665278215600498 1 0.68870727576118 0.748954531783262 0.914247788722213 0.68870727576118 1
"33" 1 0.770566640145088 0.885418091843175 0.76993694820205 0.770566640145088 1 0.773234151208085 0.908602548325475 0.885418091843175 0.773234151208085 1 0.743865687285225 0.76993694820205 0.908602548325475 0.743865687285225 1
"34" 1 0.783656261220488 0.8483907856513 0.775476136534422 0.783656261220488 1 0.78060523046643 0.938143615363045 0.8483907856513 0.78060523046643 1 0.786465937638809 0.775476136534422 0.938143615363045 0.786465937638809 1
"35" 1 0.783213186538189 0.879082202898772 0.75085521882198 0.783213186538189 1 0.735183160282603 0.9347393433308 0.879082202898772 0.735183160282603 1 0.732984174687535 0.75085521882198 0.9347393433308 0.732984174687535 1
"36" 1 0.713563132039274 0.801171309847268 0.693196585904077 0.713563132039274 1 0.675817275994497 0.896587409002938 0.801171309847268 0.675817275994497 1 0.668537387115945 0.693196585904077 0.896587409002938 0.668537387115945 1
"37" 1 0.646294236588717 0.768086737232979 0.588182889958312 0.646294236588717 1 0.575218874430199 0.824323582191721 0.768086737232979 0.575218874430199 1 0.501670917829384 0.588182889958312 0.824323582191721 0.501670917829384 1
"38" 1 0.765904763623875 0.877939325187144 0.763304601215257 0.765904763623875 1 0.762520972793319 0.938407186416967 0.877939325187144 0.762520972793319 1 0.773965790460821 0.763304601215257 0.938407186416967 0.773965790460821 1
"39" 1 0.754932645539426 0.72787517316136 0.688103932945193 0.754932645539426 1 0.62754833840618 0.778659587576886 0.72787517316136 0.62754833840618 1 0.693051182161055 0.688103932945193 0.778659587576886 0.693051182161055 1
"40" 1 0.584112131629246 0.545166414278673 0.354457119330183 0.584112131629246 1 0.70797673409586 0.564728825685965 0.545166414278673 0.70797673409586 1 0.526284176623617 0.354457119330183 0.564728825685965 0.526284176623617 1
"41" 1 0.835530212755797 0.874069095316062 0.806787226510855 0.835530212755797 1 0.788323224858104 0.910382882826093 0.874069095316062 0.788323224858104 1 0.799364302356205 0.806787226510855 0.910382882826093 0.799364302356205 1
"42" 1 0.597405658185145 0.619597614159626 0.689272383201583 0.597405658185145 1 0.60453980389208 0.787800066228477 0.619597614159626 0.60453980389208 1 0.599499622239509 0.689272383201583 0.787800066228477 0.599499622239509 1
"43" 1 0.567333267560333 0.50370502151502 0.451558807115813 0.567333267560333 1 0.571253436867976 0.736892965429693 0.50370502151502 0.571253436867976 1 0.481366465888881 0.451558807115813 0.736892965429693 0.481366465888881 1
"44" 1 0.832572914499117 0.812200404000055 0.785538125121825 0.832572914499117 1 0.771579666372602 0.889182995171688 0.812200404000055 0.771579666372602 1 0.767581868403066 0.785538125121825 0.889182995171688 0.767581868403066 1
"45" 1 0.760714631100963 0.775767081572511 0.676383458491138 0.760714631100963 1 0.742862412938729 0.877092480659605 0.775767081572511 0.742862412938729 1 0.751902792733086 0.676383458491138 0.877092480659605 0.751902792733086 1
"46" 1 0.688174168284725 0.74782323617461 0.655613688045055 0.688174168284725 1 0.694855527798054 0.874687358938612 0.74782323617461 0.694855527798054 1 0.691796752361649 0.655613688045055 0.874687358938612 0.691796752361649 1
"47" 1 0.749419015457374 0.711723489899113 0.685307689234888 0.749419015457374 1 0.643058445510901 0.860740815708616 0.711723489899113 0.643058445510901 1 0.634791433842976 0.685307689234888 0.860740815708616 0.634791433842976 1
"48" 1 0.846505393734239 0.628405654186334 0.746836054508017 0.846505393734239 1 0.697622266094933 0.910460585863253 0.628405654186334 0.697622266094933 1 0.702734708554047 0.746836054508017 0.910460585863253 0.702734708554047 1
"49" 1 0.692045069213425 0.710538995671249 0.714258889654688 0.692045069213425 1 0.780561346244295 0.803815604638268 0.710538995671249 0.780561346244295 1 0.594447231619525 0.714258889654688 0.803815604638268 0.594447231619525 1
"50" 1 0.737782782181705 0.774056062541373 0.700354964039874 0.737782782181705 1 0.673100687242699 0.885302700818732 0.774056062541373 0.673100687242699 1 0.716293674170735 0.700354964039874 0.885302700818732 0.716293674170735 1
"51" 1 0.798476530222385 0.858476508386841 0.796142203464667 0.798476530222385 1 0.781630589245859 0.910710232989635 0.858476508386841 0.781630589245859 1 0.781880217403976 0.796142203464667 0.910710232989635 0.781880217403976 1
"52" 1 0.685600060773355 0.766944057708794 0.726916746144982 0.685600060773355 1 0.704913677524952 0.860297762512387 0.766944057708794 0.704913677524952 1 0.751517278695223 0.726916746144982 0.860297762512387 0.751517278695223 1
"53" 1 0.746889942625758 0.645805541438127 0.695060655892143 0.746889942625758 1 0.629213029352112 0.807528198562543 0.645805541438127 0.629213029352112 1 0.558773785898758 0.695060655892143 0.807528198562543 0.558773785898758 1
"54" 1 0.804210402780352 0.640401475344771 0.785937188508304 0.804210402780352 1 0.619306565479046 0.907628680686376 0.640401475344771 0.619306565479046 1 0.567333652114781 0.785937188508304 0.907628680686376 0.567333652114781 1
"55" 1 0.574328873100331 0.669275318773672 0.736326217274356 0.574328873100331 1 0.535797016138731 0.80855629744951 0.669275318773672 0.535797016138731 1 0.623091934607459 0.736326217274356 0.80855629744951 0.623091934607459 1
"56" 1 0.793594374605527 0.830964349204808 0.799003795668424 0.793594374605527 1 0.7355639095554 0.944155598940601 0.830964349204808 0.7355639095554 1 0.769579380405422 0.799003795668424 0.944155598940601 0.769579380405422 1
"57" 1 0.638873561749757 0.7090766420736 0.627863155673675 0.638873561749757 1 0.776506104711647 0.897772692221378 0.7090766420736 0.776506104711647 1 0.76964293909697 0.627863155673675 0.897772692221378 0.76964293909697 1
"58" 1 0.61178937504761 0.551918012474433 0.659539574330312 0.61178937504761 1 0.693860368515321 0.810615484199981 0.551918012474433 0.693860368515321 1 0.673568984538814 0.659539574330312 0.810615484199981 0.673568984538814 1
"59" 1 0.808385293378477 0.845393931220055 0.807914083142268 0.808385293378477 1 0.750701879105147 0.898667929352695 0.845393931220055 0.750701879105147 1 0.736834988423473 0.807914083142268 0.898667929352695 0.736834988423473 1
"60" 1 0.766381752115628 0.777429677877206 0.73703807423068 0.766381752115628 1 0.767541700871647 0.881283141739949 0.777429677877206 0.767541700871647 1 0.709173015719985 0.73703807423068 0.881283141739949 0.709173015719985 1
"61" 1 0.777410647759828 0.855886118694324 0.740581763258732 0.777410647759828 1 0.687792507104281 0.885402703750886 0.855886118694324 0.687792507104281 1 0.691503650385282 0.740581763258732 0.885402703750886 0.691503650385282 1
"62" 1 0.828091264043713 0.845569204156398 0.80175644402168 0.828091264043713 1 0.81980007419793 0.921900455735654 0.845569204156398 0.81980007419793 1 0.794474096555623 0.80175644402168 0.921900455735654 0.794474096555623 1
"63" 1 0.706110468588828 0.6687883388367 0.74660140671563 0.706110468588828 1 0.745684485019997 0.825550901058084 0.6687883388367 0.745684485019997 1 0.614472666501551 0.74660140671563 0.825550901058084 0.614472666501551 1
"64" 1 0.730364316496261 0.5002746360177 0.243679182492727 0.730364316496261 1 0.559864289811572 0.634215802739773 0.5002746360177 0.559864289811572 1 0.677676787506729 0.243679182492727 0.634215802739773 0.677676787506729 1
"65" 1 0.804035519158801 0.710977898335734 0.720548626253768 0.804035519158801 1 0.693789900723099 0.804938284494265 0.710977898335734 0.693789900723099 1 0.705483335723232 0.720548626253768 0.804938284494265 0.705483335723232 1
"66" 1 0.734187408251188 0.777391877382307 0.714250475056652 0.734187408251188 1 0.644006412417761 0.900879442064865 0.777391877382307 0.644006412417761 1 0.712949893712657 0.714250475056652 0.900879442064865 0.712949893712657 1
"67" 1 0.801921669587568 0.903006305134835 0.821308691011319 0.801921669587568 1 0.767985609619423 0.935746789491039 0.903006305134835 0.767985609619423 1 0.80424203282567 0.821308691011319 0.935746789491039 0.80424203282567 1
"68" 1 0.82013416082036 0.848410706184157 0.768248692470837 0.82013416082036 1 0.728446545532589 0.910393213157745 0.848410706184157 0.728446545532589 1 0.699093978452716 0.768248692470837 0.910393213157745 0.699093978452716 1
"69" 1 0.735441012100721 0.858267358187457 0.716380688642104 0.735441012100721 1 0.741395347423433 0.912498268920398 0.858267358187457 0.741395347423433 1 0.734373874457891 0.716380688642104 0.912498268920398 0.734373874457891 1
"70" 1 0.758375526764205 0.828420148342511 0.758001507237478 0.758375526764205 1 0.701148337394415 0.895607862925842 0.828420148342511 0.701148337394415 1 0.771925146029846 0.758001507237478 0.895607862925842 0.771925146029846 1
"71" 1 0.802269575148804 0.752162899494184 0.74789456197073 0.802269575148804 1 0.689421441391009 0.88417295497492 0.752162899494184 0.689421441391009 1 0.672208258117444 0.74789456197073 0.88417295497492 0.672208258117444 1
"72" 1 0.736747100000484 0.834577846242753 0.723936141367338 0.736747100000484 1 0.729308577911684 0.933679129152715 0.834577846242753 0.729308577911684 1 0.724410360221747 0.723936141367338 0.933679129152715 0.724410360221747 1
"73" 1 0.717049010758297 0.769395558932605 0.745533080552566 0.717049010758297 1 0.651395911230746 0.846828721299132 0.769395558932605 0.651395911230746 1 0.655092933705855 0.745533080552566 0.846828721299132 0.655092933705855 1
"74" 1 0.775232850429357 0.794371402085871 0.756250863329765 0.775232850429357 1 0.73595669604427 0.88738408968524 0.794371402085871 0.73595669604427 1 0.735395984618606 0.756250863329765 0.88738408968524 0.735395984618606 1
"75" 1 0.807433938765861 0.858943116682472 0.759472336922648 0.807433938765861 1 0.745551906921459 0.928559491662403 0.858943116682472 0.745551906921459 1 0.725476216907259 0.759472336922648 0.928559491662403 0.725476216907259 1
"76" 1 0.745032150591868 0.839060907366623 0.747761710179214 0.745032150591868 1 0.722369106417955 0.923419905837606 0.839060907366623 0.722369106417955 1 0.745943530739949 0.747761710179214 0.923419905837606 0.745943530739949 1
"77" 1 0.70316803627701 0.783614944421851 0.687742431754885 0.70316803627701 1 0.728863059236102 0.872639531051628 0.783614944421851 0.728863059236102 1 0.743147324706905 0.687742431754885 0.872639531051628 0.743147324706905 1
"78" 1 0.68161036035618 0.797422407959661 0.707790685595792 0.68161036035618 1 0.689784186387489 0.848098634912784 0.797422407959661 0.689784186387489 1 0.689840680130671 0.707790685595792 0.848098634912784 0.689840680130671 1
"79" 1 0.708321510866081 0.724809534727831 0.644427296432957 0.708321510866081 1 0.750873209173254 0.850278121183814 0.724809534727831 0.750873209173254 1 0.717488442778485 0.644427296432957 0.850278121183814 0.717488442778485 1
"80" 1 0.73953058923115 0.80120023058706 0.711906582156187 0.73953058923115 1 0.700175156470026 0.906115489358642 0.80120023058706 0.700175156470026 1 0.71795753246261 0.711906582156187 0.906115489358642 0.71795753246261 1
"81" 1 0.801664312721387 0.833957366401098 0.794139327744974 0.801664312721387 1 0.76158752387896 0.956994045597061 0.833957366401098 0.76158752387896 1 0.791209641865348 0.794139327744974 0.956994045597061 0.791209641865348 1
"82" 1 0.730856311102378 0.868231179732599 0.736501571864468 0.730856311102378 1 0.713824135895046 0.942017698702287 0.868231179732599 0.713824135895046 1 0.740964979285911 0.736501571864468 0.942017698702287 0.740964979285911 1
"83" 1 0.68314424756396 0.692276534341287 0.606095614425951 0.68314424756396 1 0.634062306993683 0.817585111686086 0.692276534341287 0.634062306993683 1 0.737598897499901 0.606095614425951 0.817585111686086 0.737598897499901 1
"84" 1 0.808396608018392 0.883140738736369 0.824595819984203 0.808396608018392 1 0.780164319182591 0.936644802384155 0.883140738736369 0.780164319182591 1 0.788096125654794 0.824595819984203 0.936644802384155 0.788096125654794 1
"85" 1 0.774637560974642 0.824990081962442 0.771884834656905 0.774637560974642 1 0.751948822307018 0.921665449281583 0.824990081962442 0.751948822307018 1 0.742981184099105 0.771884834656905 0.921665449281583 0.742981184099105 1
"86" 1 0.74955313730289 0.770822448115981 0.780105408082232 0.74955313730289 1 0.729349407219203 0.900378003851018 0.770822448115981 0.729349407219203 1 0.741803457903366 0.780105408082232 0.900378003851018 0.741803457903366 1
"87" 1 0.837434486696578 0.887782423534285 0.821149762467659 0.837434486696578 1 0.775079237936873 0.931451834243528 0.887782423534285 0.775079237936873 1 0.786785857184478 0.821149762467659 0.931451834243528 0.786785857184478 1
"88" 1 0.677086882509097 0.626321276909751 0.657884293855786 0.677086882509097 1 0.705205755338673 0.751008637294282 0.626321276909751 0.705205755338673 1 0.685080642221173 0.657884293855786 0.751008637294282 0.685080642221173 1
"89" 1 0.69741426789338 0.838785913659262 0.702308293395801 0.69741426789338 1 0.637717728616911 0.930262818199405 0.838785913659262 0.637717728616911 1 0.640673090918676 0.702308293395801 0.930262818199405 0.640673090918676 1
"90" 1 0.663645634744739 0.693363956663003 0.608952587095419 0.663645634744739 1 0.63707169448501 0.846834570477268 0.693363956663003 0.63707169448501 1 0.491913301716244 0.608952587095419 0.846834570477268 0.491913301716244 1
"91" 1 0.644895520340526 0.632980269284059 0.594512638334098 0.644895520340526 1 0.69266827717571 0.851838917958068 0.632980269284059 0.69266827717571 1 0.65782411145476 0.594512638334098 0.851838917958068 0.65782411145476 1
"92" 1 0.751500949788591 0.812639036073502 0.728317655497376 0.751500949788591 1 0.755513099168359 0.918799067971882 0.812639036073502 0.755513099168359 1 0.74326082893079 0.728317655497376 0.918799067971882 0.74326082893079 1
"93" 1 0.719047579162554 0.751034633639395 0.663079222398251 0.719047579162554 1 0.776775243389909 0.90252555361251 0.751034633639395 0.776775243389909 1 0.753133454585644 0.663079222398251 0.90252555361251 0.753133454585644 1
"94" 1 0.752258541270646 0.829435880620109 0.720756824734367 0.752258541270646 1 0.738310859948561 0.906708848850051 0.829435880620109 0.738310859948561 1 0.760573875010075 0.720756824734367 0.906708848850051 0.760573875010075 1
"95" 1 0.752573147557761 0.793096456904923 0.761429968737608 0.752573147557761 1 0.783828432812903 0.883211495332875 0.793096456904923 0.783828432812903 1 0.759513049323599 0.761429968737608 0.883211495332875 0.759513049323599 1
"96" 1 0.614918217469214 0.778598925632886 0.664821156762852 0.614918217469214 1 0.559730085980495 0.817506001238815 0.778598925632886 0.559730085980495 1 0.615165803551403 0.664821156762852 0.817506001238815 0.615165803551403 1
"97" 1 0.652080409153673 0.612710377064207 0.382119560223385 0.652080409153673 1 0.743253923194379 0.709376111385366 0.612710377064207 0.743253923194379 1 0.661462985158869 0.382119560223385 0.709376111385366 0.661462985158869 1
"98" 1 0.80652272378444 0.792803795894198 0.705366357142121 0.80652272378444 1 0.778374714911182 0.869225845801966 0.792803795894198 0.778374714911182 1 0.763660078539952 0.705366357142121 0.869225845801966 0.763660078539952 1
"99" 1 0.661378565823434 0.65663713517879 0.661748177850601 0.661378565823434 1 0.685085966596464 0.832012295175093 0.65663713517879 0.685085966596464 1 0.588268871415973 0.661748177850601 0.832012295175093 0.588268871415973 1
"100" 1 0.674009486519578 0.788940745801563 0.599095558354894 0.674009486519578 1 0.749948804085519 0.883379162978024 0.788940745801563 0.749948804085519 1 0.786128135337906 0.599095558354894 0.883379162978024 0.786128135337906 1
"101" 1 0.71113615039252 0.852487584164564 0.689675233349581 0.71113615039252 1 0.640058096324342 0.888703453084986 0.852487584164564 0.640058096324342 1 0.724622183595344 0.689675233349581 0.888703453084986 0.724622183595344 1
"102" 1 0.557349301593118 0.537871872513549 0.621358549902205 0.557349301593118 1 0.536239328052909 0.549154094855442 0.537871872513549 0.536239328052909 1 0.576253176171632 0.621358549902205 0.549154094855442 0.576253176171632 1
"103" 1 0.675683539438275 0.742860651380797 0.632470089175784 0.675683539438275 1 0.702522012074775 0.89940279689227 0.742860651380797 0.702522012074775 1 0.735886657718076 0.632470089175784 0.89940279689227 0.735886657718076 1
"104" 1 0.754090067300462 0.890397360477179 0.752792626003727 0.754090067300462 1 0.70109063690894 0.943663419866725 0.890397360477179 0.70109063690894 1 0.737955731244957 0.752792626003727 0.943663419866725 0.737955731244957 1
"105" 1 0.801757992147689 0.84844764292837 0.80517639144074 0.801757992147689 1 0.795834816521954 0.92174442466413 0.84844764292837 0.795834816521954 1 0.808254998816687 0.80517639144074 0.92174442466413 0.808254998816687 1
"106" 1 0.668276967348869 0.579437565027903 0.678807836223894 0.668276967348869 1 0.487566914581875 0.713291620502512 0.579437565027903 0.487566914581875 1 0.698941568293787 0.678807836223894 0.713291620502512 0.698941568293787 1
"107" 1 0.707048996058395 0.72195684393615 0.692765217474279 0.707048996058395 1 0.617194771441593 0.846789751643159 0.72195684393615 0.617194771441593 1 0.554940997589957 0.692765217474279 0.846789751643159 0.554940997589957 1
"108" 1 0.781751850402815 0.798168216741405 0.766702974151466 0.781751850402815 1 0.758081427382447 0.896666949118642 0.798168216741405 0.758081427382447 1 0.741660718131271 0.766702974151466 0.896666949118642 0.741660718131271 1
"109" 1 0.823019779970244 0.840411723264577 0.79563667711949 0.823019779970244 1 0.780780062783679 0.923441517029424 0.840411723264577 0.780780062783679 1 0.779454588088028 0.79563667711949 0.923441517029424 0.779454588088028 1
"110" 1 0.654184301860244 0.755686526242866 0.676835009521894 0.654184301860244 1 0.711327225327867 0.892160259037773 0.755686526242866 0.711327225327867 1 0.716673139569551 0.676835009521894 0.892160259037773 0.716673139569551 1
"111" 1 0.75847710082706 0.766872125275382 0.582576344542724 0.75847710082706 1 0.736105332585769 0.806628537239226 0.766872125275382 0.736105332585769 1 0.736731297020362 0.582576344542724 0.806628537239226 0.736731297020362 1
"112" 1 0.688884278289308 0.738194806256348 0.630818579123717 0.688884278289308 1 0.690073402854208 0.781822167481454 0.738194806256348 0.690073402854208 1 0.738009515363804 0.630818579123717 0.781822167481454 0.738009515363804 1
"113" 1 0.755358617654454 0.662353247660002 0.750872286826251 0.755358617654454 1 0.640401959881528 0.859082936257172 0.662353247660002 0.640401959881528 1 0.612058848102071 0.750872286826251 0.859082936257172 0.612058848102071 1
"114" 1 0.811007049291603 0.802789643728771 0.73936655533735 0.811007049291603 1 0.724763001571897 0.859596773843045 0.802789643728771 0.724763001571897 1 0.753071087455918 0.73936655533735 0.859596773843045 0.753071087455918 1
"115" 1 0.320848189044681 0.43756034376284 0.450040400653095 0.320848189044681 1 0.608285199784618 0.586847135419506 0.43756034376284 0.608285199784618 1 0.51335066898461 0.450040400653095 0.586847135419506 0.51335066898461 1
"116" 1 0.745769300769881 0.797786411788731 0.744996030048016 0.745769300769881 1 0.72391392463944 0.872934115276058 0.797786411788731 0.72391392463944 1 0.721708378812139 0.744996030048016 0.872934115276058 0.721708378812139 1
"117" 1 0.679506986774032 0.722189588784557 0.640927027953017 0.679506986774032 1 0.704844588462758 0.867849531650161 0.722189588784557 0.704844588462758 1 0.690069886888761 0.640927027953017 0.867849531650161 0.690069886888761 1
"118" 1 0.780940147457006 0.895852464204787 0.796269981792847 0.780940147457006 1 0.718117056574927 0.943531693895875 0.895852464204787 0.718117056574927 1 0.731652549212963 0.796269981792847 0.943531693895875 0.731652549212963 1
"119" 1 0.672753054208311 0.630850529816613 0.601690144075527 0.672753054208311 1 0.714675769600011 0.830292266856194 0.630850529816613 0.714675769600011 1 0.618979676381735 0.601690144075527 0.830292266856194 0.618979676381735 1
"120" 1 0.55830451231584 0.616627517909507 0.242624640537183 0.55830451231584 1 0.68876023414885 0.770257758613768 0.616627517909507 0.68876023414885 1 0.498977487776801 0.242624640537183 0.770257758613768 0.498977487776801 1
"121" 1 0.766025444508766 0.818515575989551 0.770237861294387 0.766025444508766 1 0.729001442148502 0.900539130245044 0.818515575989551 0.729001442148502 1 0.769462240398234 0.770237861294387 0.900539130245044 0.769462240398234 1
"122" 1 0.683384715725816 0.718348895780839 0.669032362395052 0.683384715725816 1 0.667623492516178 0.839919207092364 0.718348895780839 0.667623492516178 1 0.663116265968909 0.669032362395052 0.839919207092364 0.663116265968909 1
"123" 1 0.75494652810337 0.850711822609392 0.760158785893676 0.75494652810337 1 0.735333374494662 0.944741959352164 0.850711822609392 0.735333374494662 1 0.772369185748811 0.760158785893676 0.944741959352164 0.772369185748811 1
"124" 1 0.783047354243851 0.889327630921919 0.806877410423153 0.783047354243851 1 0.808303532470487 0.953969917478507 0.889327630921919 0.808303532470487 1 0.819925000671325 0.806877410423153 0.953969917478507 0.819925000671325 1
"125" 1 0.752381675729482 0.813452612443401 0.70683733075197 0.752381675729482 1 0.726881199490788 0.898442744490485 0.813452612443401 0.726881199490788 1 0.728328893738128 0.70683733075197 0.898442744490485 0.728328893738128 1
"126" 1 0.637596101744702 0.758744171332428 0.611150801683418 0.637596101744702 1 0.701742397294384 0.835142742330798 0.758744171332428 0.701742397294384 1 0.614784408812299 0.611150801683418 0.835142742330798 0.614784408812299 1
"127" 1 0.769078507754908 0.747163159250719 0.719053476291681 0.769078507754908 1 0.697554912655365 0.880381444443155 0.747163159250719 0.697554912655365 1 0.727725412654457 0.719053476291681 0.880381444443155 0.727725412654457 1
"128" 1 0.70885364022822 0.681252330114328 0.676560179897737 0.70885364022822 1 0.604651573908122 0.783143843378979 0.681252330114328 0.604651573908122 1 0.689714946544878 0.676560179897737 0.783143843378979 0.689714946544878 1
"129" 1 0.821873956230369 0.903285637999107 0.801460557987682 0.821873956230369 1 0.801951022212375 0.939208007733486 0.903285637999107 0.801951022212375 1 0.790992748810933 0.801460557987682 0.939208007733486 0.790992748810933 1
"130" 1 0.601995714014449 0.6606878582461 0.508707583364048 0.601995714014449 1 0.700676601825373 0.783147694208166 0.6606878582461 0.700676601825373 1 0.66193058185704 0.508707583364048 0.783147694208166 0.66193058185704 1
"131" 1 0.704882190451921 0.826226989392021 0.677003623968344 0.704882190451921 1 0.671205937859598 0.90765511142843 0.826226989392021 0.671205937859598 1 0.685243161482314 0.677003623968344 0.90765511142843 0.685243161482314 1
"132" 1 0.681626905028199 0.857258506234424 0.714522122295365 0.681626905028199 1 0.722545885042077 0.937335919266966 0.857258506234424 0.722545885042077 1 0.758560741693958 0.714522122295365 0.937335919266966 0.758560741693958 1
"133" 1 0.781339253288211 0.753560245715661 0.694177104436769 0.781339253288211 1 0.707684550804279 0.876557480796291 0.753560245715661 0.707684550804279 1 0.749607206633916 0.694177104436769 0.876557480796291 0.749607206633916 1
"134" 1 0.751395693138535 0.464977404593403 0.714634158325574 0.751395693138535 1 0.37597311532384 0.829999078190924 0.464977404593403 0.37597311532384 1 0.501405296989816 0.714634158325574 0.829999078190924 0.501405296989816 1
"135" 1 0.747674452045504 0.762804153171768 0.713418158767323 0.747674452045504 1 0.754261157748466 0.867095952181193 0.762804153171768 0.754261157748466 1 0.699089308196884 0.713418158767323 0.867095952181193 0.699089308196884 1
"136" 1 0.741052612875157 0.900124010047531 0.705439415826688 0.741052612875157 1 0.70467651394374 0.907079205690649 0.900124010047531 0.70467651394374 1 0.705647948186273 0.705439415826688 0.907079205690649 0.705647948186273 1
"137" 1 0.760796141048733 0.794485588180503 0.756907002182522 0.760796141048733 1 0.83795187486901 0.920629752134408 0.794485588180503 0.83795187486901 1 0.840217787572052 0.756907002182522 0.920629752134408 0.840217787572052 1
"138" 1 0.708236400691144 0.731655414840796 0.677377075588869 0.708236400691144 1 0.689156239074661 0.8011934402013 0.731655414840796 0.689156239074661 1 0.769093829904557 0.677377075588869 0.8011934402013 0.769093829904557 1
"139" 1 0.669673395010216 0.70028911070557 0.704738924218703 0.669673395010216 1 0.637023334613227 0.883246164617235 0.70028911070557 0.637023334613227 1 0.605259272152564 0.704738924218703 0.883246164617235 0.605259272152564 1
"140" 1 0.725218460163984 0.825314368731493 0.718248534658503 0.725218460163984 1 0.790054493221285 0.932155646454618 0.825314368731493 0.790054493221285 1 0.79962822687659 0.718248534658503 0.932155646454618 0.79962822687659 1
"141" 1 0.786268498760888 0.699542429815205 0.716354836701687 0.786268498760888 1 0.643572322785628 0.812319208359225 0.699542429815205 0.643572322785628 1 0.683889644339063 0.716354836701687 0.812319208359225 0.683889644339063 1
"142" 1 0.252467591651187 0.301076259482617 0.341174695675503 0.252467591651187 1 0.439385781069315 0.642438036577931 0.301076259482617 0.439385781069315 1 0.567663036469645 0.341174695675503 0.642438036577931 0.567663036469645 1
"143" 1 0.757852978775017 0.883153773986818 0.74295736366099 0.757852978775017 1 0.733647159969107 0.929074910625289 0.883153773986818 0.733647159969107 1 0.752464870485978 0.74295736366099 0.929074910625289 0.752464870485978 1
"144" 1 0.739171090167939 0.879369727491047 0.768572033424696 0.739171090167939 1 0.700566853553553 0.907680078914724 0.879369727491047 0.700566853553553 1 0.753461636158099 0.768572033424696 0.907680078914724 0.753461636158099 1
"145" 1 0.677725270775922 0.706066264814187 0.65726410488699 0.677725270775922 1 0.698299683796922 0.892023665144861 0.706066264814187 0.698299683796922 1 0.67609366847992 0.65726410488699 0.892023665144861 0.67609366847992 1
"146" 1 0.80311749482681 0.581031270072065 0.829358841244165 0.80311749482681 1 0.596278266313749 0.88271599996468 0.581031270072065 0.596278266313749 1 0.643274436410946 0.829358841244165 0.88271599996468 0.643274436410946 1
"147" 1 0.810171119595693 0.835496879554432 0.776824041112465 0.810171119595693 1 0.776477466355561 0.936986111130727 0.835496879554432 0.776477466355561 1 0.78694769756583 0.776824041112465 0.936986111130727 0.78694769756583 1
"148" 1 0.801712537944655 0.902850705688267 0.782057908356809 0.801712537944655 1 0.775384889710988 0.91443395224685 0.902850705688267 0.775384889710988 1 0.785223476202113 0.782057908356809 0.91443395224685 0.785223476202113 1
"149" 1 0.731151604798063 0.800454090765614 0.541602689557976 0.731151604798063 1 0.804040234539661 0.7995916895117 0.800454090765614 0.804040234539661 1 0.72443067396618 0.541602689557976 0.7995916895117 0.72443067396618 1
"150" 1 0.621204698230836 0.798354861662659 0.634423397437002 0.621204698230836 1 0.633811235393554 0.844917711019463 0.798354861662659 0.633811235393554 1 0.653707579522643 0.634423397437002 0.844917711019463 0.653707579522643 1
"151" 1 0.340331762997434 0.180943403455784 0.405567504614353 0.340331762997434 1 0.523570753038968 0.446638163369662 0.180943403455784 0.523570753038968 1 0.416271238598781 0.405567504614353 0.446638163369662 0.416271238598781 1
"152" 1 0.823794563730193 0.85931785464815 0.770725825655785 0.823794563730193 1 0.791770349861426 0.906941997388255 0.85931785464815 0.791770349861426 1 0.753226827190332 0.770725825655785 0.906941997388255 0.753226827190332 1
"153" 1 0.736810212715918 0.798146004761266 0.748064146831801 0.736810212715918 1 0.658898223774104 0.861813846867964 0.798146004761266 0.658898223774104 1 0.731202707620707 0.748064146831801 0.861813846867964 0.731202707620707 1
"154" 1 0.665725897626954 0.666494107270259 0.645373299174954 0.665725897626954 1 0.77408801028894 0.851122653325487 0.666494107270259 0.77408801028894 1 0.793550465194917 0.645373299174954 0.851122653325487 0.793550465194917 1
"155" 1 0.782834489010023 0.889915821734598 0.771965180302019 0.782834489010023 1 0.750610500388703 0.899661758477433 0.889915821734598 0.750610500388703 1 0.745066519924261 0.771965180302019 0.899661758477433 0.745066519924261 1
"156" 1 0.784613345981092 0.846269002865378 0.742032577625778 0.784613345981092 1 0.800508788811974 0.899595447672929 0.846269002865378 0.800508788811974 1 0.821744845766177 0.742032577625778 0.899595447672929 0.821744845766177 1
"157" 1 0.769261644464166 0.716802192612246 0.702196108471496 0.769261644464166 1 0.722113633591856 0.893109572681783 0.716802192612246 0.722113633591856 1 0.747504988845229 0.702196108471496 0.893109572681783 0.747504988845229 1
"158" 1 0.810430455731631 0.870220477722408 0.822622329926562 0.810430455731631 1 0.812117418998309 0.912305269888518 0.870220477722408 0.812117418998309 1 0.835479026615763 0.822622329926562 0.912305269888518 0.835479026615763 1
"159" 1 0.64485984041204 0.677226060153016 0.587266639096801 0.64485984041204 1 0.70811326053653 0.699964599639141 0.677226060153016 0.70811326053653 1 0.56569671241334 0.587266639096801 0.699964599639141 0.56569671241334 1
"160" 1 0.826591096755538 0.81190329397409 0.813099260573969 0.826591096755538 1 0.774200545596091 0.901862065852937 0.81190329397409 0.774200545596091 1 0.794673671059574 0.813099260573969 0.901862065852937 0.794673671059574 1
"161" 1 0.761904494347916 0.829421705522882 0.769295041302224 0.761904494347916 1 0.709167902078047 0.903844053632771 0.829421705522882 0.709167902078047 1 0.750616293423825 0.769295041302224 0.903844053632771 0.750616293423825 1
"162" 1 0.783639936316032 0.827835934869088 0.755115118415408 0.783639936316032 1 0.744999714395333 0.886268251624744 0.827835934869088 0.744999714395333 1 0.713362636465306 0.755115118415408 0.886268251624744 0.713362636465306 1
"163" 1 0.76052685685731 0.835928852528502 0.765098700958247 0.76052685685731 1 0.742299254834339 0.877127217725485 0.835928852528502 0.742299254834339 1 0.718045767807176 0.765098700958247 0.877127217725485 0.718045767807176 1
"164" 1 0.787268849960153 0.889755446324057 0.788034579681154 0.787268849960153 1 0.757159142161861 0.929469911560407 0.889755446324057 0.757159142161861 1 0.77271867998478 0.788034579681154 0.929469911560407 0.77271867998478 1
"165" 1 0.684652385449271 0.645217161024809 0.653477183969796 0.684652385449271 1 0.512952198230753 0.75929436079716 0.645217161024809 0.512952198230753 1 0.633988775421426 0.653477183969796 0.75929436079716 0.633988775421426 1
"166" 1 0.795710540120649 0.795694852463814 0.743524272624518 0.795710540120649 1 0.68097734117218 0.895373812684322 0.795694852463814 0.68097734117218 1 0.610131390866991 0.743524272624518 0.895373812684322 0.610131390866991 1
"167" 1 0.718169725533784 0.786940509825144 0.688799735864024 0.718169725533784 1 0.689573132606203 0.885832774435724 0.786940509825144 0.689573132606203 1 0.693208231655741 0.688799735864024 0.885832774435724 0.693208231655741 1
"168" 1 0.752901422367894 0.824219380704256 0.729118544693964 0.752901422367894 1 0.728900957061283 0.876712164483526 0.824219380704256 0.728900957061283 1 0.726836191197114 0.729118544693964 0.876712164483526 0.726836191197114 1
"169" 1 0.797346205240586 0.835941991195213 0.771638744447258 0.797346205240586 1 0.78995681011865 0.939952059325923 0.835941991195213 0.78995681011865 1 0.77676055535253 0.771638744447258 0.939952059325923 0.77676055535253 1
"170" 1 0.765079738983507 0.859108019208413 0.788476353910449 0.765079738983507 1 0.787546457902808 0.926572044339884 0.859108019208413 0.787546457902808 1 0.810119001844586 0.788476353910449 0.926572044339884 0.810119001844586 1
"171" 1 0.677936218916235 0.787123278866047 0.664092675049442 0.677936218916235 1 0.727530852742052 0.91770197145764 0.787123278866047 0.727530852742052 1 0.749407766459458 0.664092675049442 0.91770197145764 0.749407766459458 1
"172" 1 0.358778095824731 0.436470998343786 0.498500586606128 0.358778095824731 1 0.598837799305693 0.6167088667283 0.436470998343786 0.598837799305693 1 0.352685570905379 0.498500586606128 0.6167088667283 0.352685570905379 1
"173" 1 0.739569536538004 0.841427226518318 0.647716324590552 0.739569536538004 1 0.725362766027356 0.885337193892966 0.841427226518318 0.725362766027356 1 0.65505038533722 0.647716324590552 0.885337193892966 0.65505038533722 1
"174" 1 0.7668354272752 0.752251112301 0.70095045837264 0.7668354272752 1 0.635689306988947 0.874359504251892 0.752251112301 0.635689306988947 1 0.617019466920854 0.70095045837264 0.874359504251892 0.617019466920854 1
"175" 1 0.851670727561502 0.886242138854926 0.824802493557184 0.851670727561502 1 0.825122961836759 0.908133099217412 0.886242138854926 0.825122961836759 1 0.803863173961128 0.824802493557184 0.908133099217412 0.803863173961128 1
"176" 1 0.657226186765804 0.79762011808783 0.678716852589196 0.657226186765804 1 0.729534031030998 0.800840798395153 0.79762011808783 0.729534031030998 1 0.63284405315726 0.678716852589196 0.800840798395153 0.63284405315726 1
"177" 1 0.761123297545912 0.84184090497183 0.734763844897795 0.761123297545912 1 0.705735618385195 0.877669705514969 0.84184090497183 0.705735618385195 1 0.720977974879711 0.734763844897795 0.877669705514969 0.720977974879711 1
"178" 1 0.839472201409093 0.86058448688206 0.818889451618311 0.839472201409093 1 0.811327390194051 0.916876719994 0.86058448688206 0.811327390194051 1 0.770788847426538 0.818889451618311 0.916876719994 0.770788847426538 1
"179" 1 0.688200549538417 0.839021605171773 0.683070847330346 0.688200549538417 1 0.608885822898553 0.913488212073414 0.839021605171773 0.608885822898553 1 0.652283203593199 0.683070847330346 0.913488212073414 0.652283203593199 1
"180" 1 0.594740386275124 0.602030579569772 0.549490840971237 0.594740386275124 1 0.624129467443697 0.65505546493945 0.602030579569772 0.624129467443697 1 0.464282201993669 0.549490840971237 0.65505546493945 0.464282201993669 1
"181" 1 0.804951005554414 0.84086711694806 0.786459343300645 0.804951005554414 1 0.804164109797601 0.899409736789275 0.84086711694806 0.804164109797601 1 0.814973914733889 0.786459343300645 0.899409736789275 0.814973914733889 1
"182" 1 0.695827029125655 0.598180519711834 0.568025258747756 0.695827029125655 1 0.606096482355311 0.740948053582552 0.598180519711834 0.606096482355311 1 0.688893270573046 0.568025258747756 0.740948053582552 0.688893270573046 1
"183" 1 0.787379270773079 0.866738618860699 0.804142114941293 0.787379270773079 1 0.789582152482528 0.902353210199135 0.866738618860699 0.789582152482528 1 0.73756322456926 0.804142114941293 0.902353210199135 0.73756322456926 1
"184" 1 0.625778079011255 -0.00513401158935075 0.663513354198259 0.625778079011255 1 -0.0749094192129154 0.78994064453873 -0.00513401158935075 -0.0749094192129154 1 -0.0617709106010348 0.663513354198259 0.78994064453873 -0.0617709106010348 1
"185" 1 0.604625927294619 0.703502185231889 0.605937536475787 0.604625927294619 1 0.579320800344502 0.841657678428066 0.703502185231889 0.579320800344502 1 0.688394937266336 0.605937536475787 0.841657678428066 0.688394937266336 1
"186" 1 0.675147146220564 0.805313939786655 0.712401444130911 0.675147146220564 1 0.721095089702831 0.896908656997595 0.805313939786655 0.721095089702831 1 0.733580623298397 0.712401444130911 0.896908656997595 0.733580623298397 1
"187" 1 0.769543443540679 0.784996106318769 0.719033809124405 0.769543443540679 1 0.766841222840316 0.901543592880324 0.784996106318769 0.766841222840316 1 0.76551504903592 0.719033809124405 0.901543592880324 0.76551504903592 1
"188" 1 0.750725170157709 0.769039616495774 0.760978856037078 0.750725170157709 1 0.81717596190999 0.898022707265006 0.769039616495774 0.81717596190999 1 0.797703266418582 0.760978856037078 0.898022707265006 0.797703266418582 1
