"V1" "V2" "V3" "V4" "V5" "V6" "V7" "V8" "V9" "V10" "V11" "V12" "V13" "V14" "V15" "V16"
"1" 1 0.489985299420052 0.411643703364771 0.533644861407184 0.489985299420052 1 0.582750842646921 0.673735536201521 0.411643703364771 0.582750842646921 1 0.738906812869908 0.533644861407184 0.673735536201521 0.738906812869908 1
"2" 1 0.215692547736685 -0.0547232248021612 0.170679105210917 0.215692547736685 1 -0.00153360457328029 0.0979661309277639 -0.0547232248021612 -0.00153360457328029 1 0.557053132731653 0.170679105210917 0.0979661309277639 0.557053132731653 1
"3" 1 0.466521744006864 0.440651527268635 0.457436966815214 0.466521744006864 1 0.803593205363834 0.501598399733305 0.440651527268635 0.803593205363834 1 0.617899242007943 0.457436966815214 0.501598399733305 0.617899242007943 1
"4" 1 0.271191235236475 0.378957810643587 0.0983458350485563 0.271191235236475 1 0.464613294188427 0.340996596735885 0.378957810643587 0.464613294188427 1 0.667767322179325 0.0983458350485563 0.340996596735885 0.667767322179325 1
"5" 1 0.528855810595534 0.601936496115451 0.60789652703796 0.528855810595534 1 0.74559590124399 0.765525165862826 0.601936496115451 0.74559590124399 1 0.87661448142809 0.60789652703796 0.765525165862826 0.87661448142809 1
"6" 1 0.640005736292753 0.363631594477798 0.544780086521063 0.640005736292753 1 0.60365329558491 0.739503950053825 0.363631594477798 0.60365329558491 1 0.575463764684187 0.544780086521063 0.739503950053825 0.575463764684187 1
"7" 1 0.772498261644294 0.563545085684274 0.701867562173358 0.772498261644294 1 0.636942672134991 0.781646972939949 0.563545085684274 0.636942672134991 1 0.806230879593314 0.701867562173358 0.781646972939949 0.806230879593314 1
"8" 1 0.600398120948876 0.662316486771057 0.446255059902498 0.600398120948876 1 0.734318571158886 0.507351415297685 0.662316486771057 0.734318571158886 1 0.744576862839664 0.446255059902498 0.507351415297685 0.744576862839664 1
"9" 1 0.564517169546476 0.436746585279091 0.496132749963597 0.564517169546476 1 0.673523840456304 0.735947757132382 0.436746585279091 0.673523840456304 1 0.768524346680617 0.496132749963597 0.735947757132382 0.768524346680617 1
"10" 1 0.46683027843111 0.418817348051328 0.527633555073351 0.46683027843111 1 0.69581871473183 0.602150076870377 0.418817348051328 0.69581871473183 1 0.752205166373903 0.527633555073351 0.602150076870377 0.752205166373903 1
"11" 1 0.634148368726622 0.584727687750741 0.657489937479931 0.634148368726622 1 0.686213605281898 0.734081480031473 0.584727687750741 0.686213605281898 1 0.88570218883105 0.657489937479931 0.734081480031473 0.88570218883105 1
"12" 1 0.500276293879823 0.467278271687418 0.456425536499243 0.500276293879823 1 0.582514362456936 0.541007846425878 0.467278271687418 0.582514362456936 1 0.72287039446651 0.456425536499243 0.541007846425878 0.72287039446651 1
"13" 1 0.419960166170891 0.258411079272957 0.336490879537147 0.419960166170891 1 0.467798357952752 0.757272164251005 0.258411079272957 0.467798357952752 1 0.583563807795474 0.336490879537147 0.757272164251005 0.583563807795474 1
"14" 1 0.498772528392099 0.443343570787347 0.580766404482326 0.498772528392099 1 0.702854743148967 0.669175447496581 0.443343570787347 0.702854743148967 1 0.740590898762179 0.580766404482326 0.669175447496581 0.740590898762179 1
"15" 1 0.578452888845461 0.302947854340899 0.176604845611674 0.578452888845461 1 0.574391785768597 0.529592659474029 0.302947854340899 0.574391785768597 1 0.745143686106983 0.176604845611674 0.529592659474029 0.745143686106983 1
"16" 1 0.625321482772103 0.533024309986365 0.472359181247708 0.625321482772103 1 0.707792595293282 0.72086965926286 0.533024309986365 0.707792595293282 1 0.810304805345245 0.472359181247708 0.72086965926286 0.810304805345245 1
"17" 1 0.638344477612479 0.728260141821662 0.518904649815716 0.638344477612479 1 0.667618576641758 0.669576906261439 0.728260141821662 0.667618576641758 1 0.710512000533 0.518904649815716 0.669576906261439 0.710512000533 1
"18" 1 0.650252223201707 0.647793112246695 0.626665384287272 0.650252223201707 1 0.668720754249319 0.680656665589078 0.647793112246695 0.668720754249319 1 0.686875749986892 0.626665384287272 0.680656665589078 0.686875749986892 1
"19" 1 0.290062278219762 0.262862499190746 0.182788658801957 0.290062278219762 1 0.685504953040517 0.582950998346236 0.262862499190746 0.685504953040517 1 0.582070710197476 0.182788658801957 0.582950998346236 0.582070710197476 1
"20" 1 0.217185085098741 0.0886153674927902 -0.0822376966887997 0.217185085098741 1 0.54391377444987 -0.0311566158906251 0.0886153674927902 0.54391377444987 1 0.476957578150649 -0.0822376966887997 -0.0311566158906251 0.476957578150649 1
"21" 1 0.510289346535785 0.413997995813827 0.297391248147517 0.510289346535785 1 0.618745156109579 0.380663552683294 0.413997995813827 0.618745156109579 1 0.507876850914891 0.297391248147517 0.380663552683294 0.507876850914891 1
"22" 1 0.458681958513907 0.425217562444163 0.33261713717704 0.458681958513907 1 0.620025368414466 0.644248923991489 0.425217562444163 0.620025368414466 1 0.812557001886343 0.33261713717704 0.644248923991489 0.812557001886343 1
"23" 1 0.325366221295418 0.322134679534245 0.287672136206221 0.325366221295418 1 0.509610794339494 0.227977617776466 0.322134679534245 0.509610794339494 1 0.57331931337037 0.287672136206221 0.227977617776466 0.57331931337037 1
"24" 1 0.48899036975687 0.47454129400529 0.575816266240674 0.48899036975687 1 0.413330044807623 0.517385282989897 0.47454129400529 0.413330044807623 1 0.601005727820439 0.575816266240674 0.517385282989897 0.601005727820439 1
"25" 1 0.558700012576601 0.439560403738009 0.511396608932212 0.558700012576601 1 0.579287851864068 0.564359059714689 0.439560403738009 0.579287851864068 1 0.519537319917789 0.511396608932212 0.564359059714689 0.519537319917789 1
"26" 1 0.632647133186239 0.570457189479686 0.613193308698319 0.632647133186239 1 0.740208813687224 0.774230085956528 0.570457189479686 0.740208813687224 1 0.900313933043272 0.613193308698319 0.774230085956528 0.900313933043272 1
"27" 1 0.493550396342341 0.391280516367832 0.38426965864804 0.493550396342341 1 0.723624893664248 0.667849105972369 0.391280516367832 0.723624893664248 1 0.724566686834201 0.38426965864804 0.667849105972369 0.724566686834201 1
"28" 1 0.67439891571571 0.539473684942585 0.458450961921408 0.67439891571571 1 0.638508065762586 0.414775739751908 0.539473684942585 0.638508065762586 1 0.353275154941078 0.458450961921408 0.414775739751908 0.353275154941078 1
"29" 1 0.517275982908429 0.455937208834392 0.426369749207494 0.517275982908429 1 0.574869656014041 0.516204174860994 0.455937208834392 0.574869656014041 1 0.83435583248923 0.426369749207494 0.516204174860994 0.83435583248923 1
"30" 1 0.562435223693257 0.481450120547133 0.580222453932428 0.562435223693257 1 0.602560902569551 0.589215875290016 0.481450120547133 0.602560902569551 1 0.753209400025122 0.580222453932428 0.589215875290016 0.753209400025122 1
"31" 1 0.618082144149573 0.534284904744069 0.642539593403215 0.618082144149573 1 0.520018485873485 0.687854585858879 0.534284904744069 0.520018485873485 1 0.787084041812672 0.642539593403215 0.687854585858879 0.787084041812672 1
"32" 1 0.258258098417231 0.109575396118109 0.192835907838596 0.258258098417231 1 0.612084922326786 0.702343209648257 0.109575396118109 0.612084922326786 1 0.78404647781388 0.192835907838596 0.702343209648257 0.78404647781388 1
"33" 1 0.342162456886973 0.290351374705968 0.338880699025377 0.342162456886973 1 0.464918020489855 0.50713942338663 0.290351374705968 0.464918020489855 1 0.806151335468385 0.338880699025377 0.50713942338663 0.806151335468385 1
"34" 1 0.378137897558307 0.388182972417872 0.163457483668356 0.378137897558307 1 0.797551239641817 0.624493474962253 0.388182972417872 0.797551239641817 1 0.709066867364134 0.163457483668356 0.624493474962253 0.709066867364134 1
"35" 1 0.569859262620277 0.514103143505875 0.464743206512806 0.569859262620277 1 0.567589678248774 0.624150755599505 0.514103143505875 0.567589678248774 1 0.851296273903736 0.464743206512806 0.624150755599505 0.851296273903736 1
"36" 1 0.397345826909165 0.266400354992614 0.434817128417154 0.397345826909165 1 0.593657169491351 0.582103378166339 0.266400354992614 0.593657169491351 1 0.47394983798726 0.434817128417154 0.582103378166339 0.47394983798726 1
"37" 1 0.323300452968522 0.419455022256526 0.382485489853214 0.323300452968522 1 0.352449911515809 0.436969996171117 0.419455022256526 0.352449911515809 1 0.75931012981641 0.382485489853214 0.436969996171117 0.75931012981641 1
"38" 1 0.795690234735066 0.810594885446658 0.810717128877009 0.795690234735066 1 0.835742632211177 0.809967632926293 0.810594885446658 0.835742632211177 1 0.880465444881486 0.810717128877009 0.809967632926293 0.880465444881486 1
"39" 1 0.570808254519242 0.4939741856371 0.504832709256388 0.570808254519242 1 0.687413547971732 0.687093124965073 0.4939741856371 0.687413547971732 1 0.753825660946639 0.504832709256388 0.687093124965073 0.753825660946639 1
"40" 1 0.558998479717532 0.355363282137641 0.464848387442667 0.558998479717532 1 0.545301990761586 0.626442526015227 0.355363282137641 0.545301990761586 1 0.610520306799798 0.464848387442667 0.626442526015227 0.610520306799798 1
"41" 1 -0.089801108259112 0.0798510703672562 0.274512936664677 -0.089801108259112 1 0.57741594152432 0.134072498151426 0.0798510703672562 0.57741594152432 1 0.067081266030498 0.274512936664677 0.134072498151426 0.067081266030498 1
"42" 1 0.638063064315402 0.609098382243532 0.576912558762585 0.638063064315402 1 0.707544753324427 0.675269345902608 0.609098382243532 0.707544753324427 1 0.580486262219719 0.576912558762585 0.675269345902608 0.580486262219719 1
"43" 1 0.354030927167884 0.3065407285074 0.490532920540965 0.354030927167884 1 0.697388859870881 0.568817721758295 0.3065407285074 0.697388859870881 1 0.705429095631659 0.490532920540965 0.568817721758295 0.705429095631659 1
"44" 1 0.630586939340165 0.567943771664592 0.652282059960366 0.630586939340165 1 0.661525922136993 0.721911268104265 0.567943771664592 0.661525922136993 1 0.764615957662786 0.652282059960366 0.721911268104265 0.764615957662786 1
"45" 1 0.647829463643207 0.523414102056635 0.57649445559746 0.647829463643207 1 0.511861027941863 0.53265759931045 0.523414102056635 0.511861027941863 1 0.691737036023869 0.57649445559746 0.53265759931045 0.691737036023869 1
"46" 1 0.410865057790139 0.0443206326822518 0.101845046942025 0.410865057790139 1 0.416458674990068 0.15424308615187 0.0443206326822518 0.416458674990068 1 0.516052898383873 0.101845046942025 0.15424308615187 0.516052898383873 1
"47" 1 0.510008584161224 0.523926418209083 0.608533952882213 0.510008584161224 1 0.670543424161007 0.640359351450401 0.523926418209083 0.670543424161007 1 0.810877527700279 0.608533952882213 0.640359351450401 0.810877527700279 1
"48" 1 0.462597946993038 0.159594471432432 0.387457843414375 0.462597946993038 1 0.339021207377431 0.623598363313607 0.159594471432432 0.339021207377431 1 0.618564015790264 0.387457843414375 0.623598363313607 0.618564015790264 1
"49" 1 0.467252952382074 0.362395271995539 0.281579834331075 0.467252952382074 1 0.634371282620264 0.611258307798514 0.362395271995539 0.634371282620264 1 0.521013173353405 0.281579834331075 0.611258307798514 0.521013173353405 1
"50" 1 0.588899932718295 0.529167297364537 0.489495412076771 0.588899932718295 1 0.64932259223983 0.540560284707379 0.529167297364537 0.64932259223983 1 0.676112616457803 0.489495412076771 0.540560284707379 0.676112616457803 1
"51" 1 0.248481707085103 0.294361099008284 0.258520743708883 0.248481707085103 1 0.690326182752428 0.456998965837106 0.294361099008284 0.690326182752428 1 0.623659987532437 0.258520743708883 0.456998965837106 0.623659987532437 1
"52" 1 0.341148535758477 0.40412918729135 0.576722639286151 0.341148535758477 1 0.385050344822976 0.370943950681896 0.40412918729135 0.385050344822976 1 0.646573517385739 0.576722639286151 0.370943950681896 0.646573517385739 1
"53" 1 0.578314592667312 0.451687755737444 0.494772854360093 0.578314592667312 1 0.606883687314044 0.593913548321264 0.451687755737444 0.606883687314044 1 0.623730801788129 0.494772854360093 0.593913548321264 0.623730801788129 1
"54" 1 0.684864683849663 0.0281349019093551 0.245205326206988 0.684864683849663 1 0.24297006798507 0.505217688139317 0.0281349019093551 0.24297006798507 1 0.652936289077509 0.245205326206988 0.505217688139317 0.652936289077509 1
"55" 1 0.52977702460784 0.44920775918267 0.442155682843397 0.52977702460784 1 0.736880168351318 0.4911475274749 0.44920775918267 0.736880168351318 1 0.62088245800877 0.442155682843397 0.4911475274749 0.62088245800877 1
"56" 1 0.539257258743884 0.442788873938909 0.197106275560294 0.539257258743884 1 0.710366880943746 0.56758985068049 0.442788873938909 0.710366880943746 1 0.689086617808693 0.197106275560294 0.56758985068049 0.689086617808693 1
"57" 1 0.427956649872728 0.3658922545612 0.381413563571441 0.427956649872728 1 0.629390144456632 0.521021916317369 0.3658922545612 0.629390144456632 1 0.675287476028671 0.381413563571441 0.521021916317369 0.675287476028671 1
"58" 1 0.359434346907102 0.582547674861381 0.664342633282445 0.359434346907102 1 0.566769403373659 0.611639795118305 0.582547674861381 0.566769403373659 1 0.805775275345186 0.664342633282445 0.611639795118305 0.805775275345186 1
"59" 1 0.395312800374377 0.220447325945201 0.386087121842708 0.395312800374377 1 0.332515381889049 0.373722447350494 0.220447325945201 0.332515381889049 1 0.544916960706962 0.386087121842708 0.373722447350494 0.544916960706962 1
"60" 1 0.609274852544359 0.199016325548595 0.386170455622449 0.609274852544359 1 0.157741377835561 0.591206519380793 0.199016325548595 0.157741377835561 1 0.154488068372892 0.386170455622449 0.591206519380793 0.154488068372892 1
"61" 1 0.633647395242647 0.498176210321 0.67009253205471 0.633647395242647 1 0.713146004426876 0.64986623884267 0.498176210321 0.713146004426876 1 0.686159814504104 0.67009253205471 0.64986623884267 0.686159814504104 1
"62" 1 0.0930212963520315 0.13548507447296 0.528469782987917 0.0930212963520315 1 0.330531800981173 0.363079838368863 0.13548507447296 0.330531800981173 1 0.480746559537821 0.528469782987917 0.363079838368863 0.480746559537821 1
"63" 1 0.617416881336172 0.590403307943911 0.655731501035872 0.617416881336172 1 0.774006752514598 0.79000637177638 0.590403307943911 0.774006752514598 1 0.819857121001545 0.655731501035872 0.79000637177638 0.819857121001545 1
"64" 1 0.595496507769296 0.51293874192641 0.544069703288915 0.595496507769296 1 0.746626166207478 0.717427852367898 0.51293874192641 0.746626166207478 1 0.610955405119994 0.544069703288915 0.717427852367898 0.610955405119994 1
"65" 1 0.263475295852665 0.274104279018561 0.275179361807631 0.263475295852665 1 0.543375584661927 0.290452128472295 0.274104279018561 0.543375584661927 1 0.461920593626924 0.275179361807631 0.290452128472295 0.461920593626924 1
"66" 1 0.485306365615859 0.476835823482132 0.632351871363923 0.485306365615859 1 0.499911093703318 0.585935272272958 0.476835823482132 0.499911093703318 1 0.523283369962552 0.632351871363923 0.585935272272958 0.523283369962552 1
"67" 1 0.663038532888145 0.47374243334694 0.594129056333741 0.663038532888145 1 0.643528117454853 0.754547271608387 0.47374243334694 0.643528117454853 1 0.692586413896382 0.594129056333741 0.754547271608387 0.692586413896382 1
"68" 1 0.567011195924927 0.483249926280841 0.374106298534726 0.567011195924927 1 0.683551506705376 0.681956876173588 0.483249926280841 0.683551506705376 1 0.739787617550048 0.374106298534726 0.681956876173588 0.739787617550048 1
"69" 1 0.742028715133935 0.505333863861342 0.650791756403542 0.742028715133935 1 0.700051436958266 0.681751321389159 0.505333863861342 0.700051436958266 1 0.573090268145717 0.650791756403542 0.681751321389159 0.573090268145717 1
"70" 1 0.33698152878833 0.366540782362549 0.480617701196742 0.33698152878833 1 0.67124909926218 0.41326447025991 0.366540782362549 0.67124909926218 1 0.607062279349017 0.480617701196742 0.41326447025991 0.607062279349017 1
"71" 1 0.784287209449276 0.448594823416952 0.28998656264372 0.784287209449276 1 0.582570229821173 0.44518105611393 0.448594823416952 0.582570229821173 1 0.577684162129347 0.28998656264372 0.44518105611393 0.577684162129347 1
"72" 1 0.34417397505046 0.297459688685976 0.276952609522287 0.34417397505046 1 0.705471963329095 0.627364693370861 0.297459688685976 0.705471963329095 1 0.627374717180356 0.276952609522287 0.627364693370861 0.627374717180356 1
"73" 1 0.496831097031358 0.382680094200641 0.440700092543289 0.496831097031358 1 0.741308782187108 0.718252628454015 0.382680094200641 0.741308782187108 1 0.811968538363396 0.440700092543289 0.718252628454015 0.811968538363396 1
"74" 1 0.448488815454028 0.446602274792745 0.426662171333428 0.448488815454028 1 0.66952039038877 0.713499623210489 0.446602274792745 0.66952039038877 1 0.731469856382707 0.426662171333428 0.713499623210489 0.731469856382707 1
"75" 1 0.692374331014093 0.515758432908037 0.545405710472207 0.692374331014093 1 0.739872787434711 0.740154255959894 0.515758432908037 0.739872787434711 1 0.755655785196887 0.545405710472207 0.740154255959894 0.755655785196887 1
"76" 1 0.535497176947419 0.546904750259193 0.449002553551349 0.535497176947419 1 0.732912704488273 0.739761505452391 0.546904750259193 0.732912704488273 1 0.803714372225702 0.449002553551349 0.739761505452391 0.803714372225702 1
"77" 1 0.5650848974918 0.624671907128178 0.665748762546891 0.5650848974918 1 0.554747408365556 0.557844616052991 0.624671907128178 0.554747408365556 1 0.81364199023656 0.665748762546891 0.557844616052991 0.81364199023656 1
"78" 1 0.506879704382348 0.359057993870677 0.431329517294043 0.506879704382348 1 0.54732958914822 0.626999075472513 0.359057993870677 0.54732958914822 1 0.610100681595339 0.431329517294043 0.626999075472513 0.610100681595339 1
"79" 1 0.47610334098584 0.503750537530512 0.485188005188692 0.47610334098584 1 0.570267945307496 0.724095017841305 0.503750537530512 0.570267945307496 1 0.711159438601645 0.485188005188692 0.724095017841305 0.711159438601645 1
"80" 1 0.471500047638651 0.282223240837985 0.28713223141769 0.471500047638651 1 0.417205820639359 0.415781754132486 0.282223240837985 0.417205820639359 1 0.599575431136562 0.28713223141769 0.415781754132486 0.599575431136562 1
"81" 1 0.593932562072041 0.591065364625663 0.599509076477442 0.593932562072041 1 0.671798189851605 0.702236841965267 0.591065364625663 0.671798189851605 1 0.811745249816778 0.599509076477442 0.702236841965267 0.811745249816778 1
"82" 1 0.750441880982697 0.55054468669739 0.612881890439558 0.750441880982697 1 0.589717820732543 0.741431832818399 0.55054468669739 0.589717820732543 1 0.717329972489738 0.612881890439558 0.741431832818399 0.717329972489738 1
"83" 1 0.623849347896826 0.629510036405096 0.662028067810995 0.623849347896826 1 0.836683782993972 0.844116348134358 0.629510036405096 0.836683782993972 1 0.922419741283016 0.662028067810995 0.844116348134358 0.922419741283016 1
"84" 1 0.543030882696296 0.45517891619354 0.409894831781828 0.543030882696296 1 0.583961595671468 0.500517462435856 0.45517891619354 0.583961595671468 1 0.686698168694138 0.409894831781828 0.500517462435856 0.686698168694138 1
"85" 1 0.535814565415222 0.537359760129903 0.520721203932211 0.535814565415222 1 0.696097474599416 0.674830131775161 0.537359760129903 0.696097474599416 1 0.609091159341402 0.520721203932211 0.674830131775161 0.609091159341402 1
"86" 1 0.461071631282011 0.429094441159209 0.449480335506273 0.461071631282011 1 0.669678486061354 0.524279331167936 0.429094441159209 0.669678486061354 1 0.645681587125247 0.449480335506273 0.524279331167936 0.645681587125247 1
"87" 1 0.619774802135892 0.260602156388447 0.499532941620133 0.619774802135892 1 0.495110259095856 0.65221683947439 0.260602156388447 0.495110259095856 1 0.559014329396277 0.499532941620133 0.65221683947439 0.559014329396277 1
"88" 1 0.630761005770268 0.558005947268182 0.658963642758483 0.630761005770268 1 0.59008333799861 0.759855826977217 0.558005947268182 0.59008333799861 1 0.734680045512543 0.658963642758483 0.759855826977217 0.734680045512543 1
"89" 1 0.574980404250722 0.489259723998752 0.662679768846037 0.574980404250722 1 0.560686380012667 0.629072973263117 0.489259723998752 0.560686380012667 1 0.739487328048908 0.662679768846037 0.629072973263117 0.739487328048908 1
"90" 1 0.428396718486787 0.443737984389654 0.36304120077877 0.428396718486787 1 0.613980801905839 0.604574670687838 0.443737984389654 0.613980801905839 1 0.856373786142942 0.36304120077877 0.604574670687838 0.856373786142942 1
"91" 1 0.474280408850288 0.453153785428535 0.380274166200489 0.474280408850288 1 0.389913721893754 0.315865757067762 0.453153785428535 0.389913721893754 1 0.597086330544 0.380274166200489 0.315865757067762 0.597086330544 1
"92" 1 0.562039539914515 0.476385260201717 0.675686062618165 0.562039539914515 1 0.627024827699454 0.652306178705722 0.476385260201717 0.627024827699454 1 0.717481641098543 0.675686062618165 0.652306178705722 0.717481641098543 1
"93" 1 0.241033178449592 0.306206489958653 0.361632550494645 0.241033178449592 1 0.451815208074982 0.452549788292384 0.306206489958653 0.451815208074982 1 0.682408540834304 0.361632550494645 0.452549788292384 0.682408540834304 1
"94" 1 0.583600519225423 0.399204557724167 0.496540284603668 0.583600519225423 1 0.588086333512315 0.650602866999865 0.399204557724167 0.588086333512315 1 0.742293899196474 0.496540284603668 0.650602866999865 0.742293899196474 1
"95" 1 0.525329751971438 0.504376949395419 0.539691752019421 0.525329751971438 1 0.649539086901302 0.604876778008258 0.504376949395419 0.649539086901302 1 0.632791186149955 0.539691752019421 0.604876778008258 0.632791186149955 1
"96" 1 0.700920313901705 0.64285078537227 0.664919907154415 0.700920313901705 1 0.778136336685093 0.794626307712585 0.64285078537227 0.778136336685093 1 0.819800630857895 0.664919907154415 0.794626307712585 0.819800630857895 1
"97" 1 0.55899312859958 0.488225074118488 0.43503174639829 0.55899312859958 1 0.609733720334943 0.489865457727074 0.488225074118488 0.609733720334943 1 0.679994242590714 0.43503174639829 0.489865457727074 0.679994242590714 1
"98" 1 0.71171478558672 0.6007781592338 0.573381735370775 0.71171478558672 1 0.764927790928839 0.702058364120506 0.6007781592338 0.764927790928839 1 0.761055884198383 0.573381735370775 0.702058364120506 0.761055884198383 1
"99" 1 0.42339788653619 0.286477650271835 0.273843662825322 0.42339788653619 1 0.740124039500554 0.682083620706273 0.286477650271835 0.740124039500554 1 0.747528008637771 0.273843662825322 0.682083620706273 0.747528008637771 1
"100" 1 0.403340292765375 0.403343391889263 0.459750541237102 0.403340292765375 1 0.513056894071564 0.656428962717408 0.403343391889263 0.513056894071564 1 0.290298122945728 0.459750541237102 0.656428962717408 0.290298122945728 1
"101" 1 0.318160868941542 0.324672441423488 0.502106048336026 0.318160868941542 1 0.520314453254554 0.51361609696616 0.324672441423488 0.520314453254554 1 0.451315660259845 0.502106048336026 0.51361609696616 0.451315660259845 1
"102" 1 0.504468568203022 0.440645896296089 0.35368042190425 0.504468568203022 1 0.56405714248523 0.457946911657305 0.440645896296089 0.56405714248523 1 0.59121742893368 0.35368042190425 0.457946911657305 0.59121742893368 1
"103" 1 0.757641146824999 0.716406958235342 0.709156477752672 0.757641146824999 1 0.805858579499203 0.81178950572579 0.716406958235342 0.805858579499203 1 0.777870269340879 0.709156477752672 0.81178950572579 0.777870269340879 1
"104" 1 0.251472267290234 0.17186891284561 0.395459759967352 0.251472267290234 1 0.624552949474116 0.596161409748629 0.17186891284561 0.624552949474116 1 0.731289225130704 0.395459759967352 0.596161409748629 0.731289225130704 1
"105" 1 0.659683546534986 0.540152510347734 0.547203592295728 0.659683546534986 1 0.58680041654703 0.618830129535741 0.540152510347734 0.58680041654703 1 0.718727098462069 0.547203592295728 0.618830129535741 0.718727098462069 1
"106" 1 0.378923253258982 0.295213777655552 0.467018350471182 0.378923253258982 1 0.614856499347568 0.528138434645974 0.295213777655552 0.614856499347568 1 0.639131379799866 0.467018350471182 0.528138434645974 0.639131379799866 1
"107" 1 0.538256142703762 0.585943476354533 0.672806891948455 0.538256142703762 1 0.540248801951587 0.587088915127917 0.585943476354533 0.540248801951587 1 0.789645827266307 0.672806891948455 0.587088915127917 0.789645827266307 1
"108" 1 0.477184271018401 0.15969263673197 0.0224209083650851 0.477184271018401 1 0.609282572069544 0.484125749489473 0.15969263673197 0.609282572069544 1 0.779808167878297 0.0224209083650851 0.484125749489473 0.779808167878297 1
"109" 1 0.737109708860117 0.441429563585834 0.408511387100285 0.737109708860117 1 0.618794942581257 0.560058498304976 0.441429563585834 0.618794942581257 1 0.688065074092709 0.408511387100285 0.560058498304976 0.688065074092709 1
"110" 1 0.606533500074554 0.542812068028964 0.645327589116625 0.606533500074554 1 0.729467737324723 0.757225607890947 0.542812068028964 0.729467737324723 1 0.841452346434582 0.645327589116625 0.757225607890947 0.841452346434582 1
"111" 1 0.618142807313067 0.410982479320804 0.235682819895915 0.618142807313067 1 0.637558860400342 0.432570622114951 0.410982479320804 0.637558860400342 1 0.438088111608364 0.235682819895915 0.432570622114951 0.438088111608364 1
"112" 1 0.77163910959423 0.676051696680253 0.39658024139873 0.77163910959423 1 0.803436939674395 0.617589960781934 0.676051696680253 0.803436939674395 1 0.722597917049728 0.39658024139873 0.617589960781934 0.722597917049728 1
"113" 1 0.0472770853243835 0.219989557319556 0.156672123618333 0.0472770853243835 1 0.25731093167861 0.308772718412936 0.219989557319556 0.25731093167861 1 0.809530365779063 0.156672123618333 0.308772718412936 0.809530365779063 1
"114" 1 0.259312681188686 0.324191329730247 0.304376623388577 0.259312681188686 1 0.301125426639791 0.5323439628834 0.324191329730247 0.301125426639791 1 0.640488067933546 0.304376623388577 0.5323439628834 0.640488067933546 1
"115" 1 0.181932198721599 0.0837937818396202 0.193485133001389 0.181932198721599 1 0.480742318207563 0.350356112942329 0.0837937818396202 0.480742318207563 1 0.60630973008211 0.193485133001389 0.350356112942329 0.60630973008211 1
"116" 1 0.744417962249596 0.646703720601348 0.63406339951574 0.744417962249596 1 0.786706204018759 0.817483663431229 0.646703720601348 0.786706204018759 1 0.850130654069561 0.63406339951574 0.817483663431229 0.850130654069561 1
"117" 1 0.363954239043836 0.174753921496539 0.223041275114879 0.363954239043836 1 0.652923085410965 0.312750170737823 0.174753921496539 0.652923085410965 1 0.608741898108955 0.223041275114879 0.312750170737823 0.608741898108955 1
"118" 1 0.446126048881671 0.381976194113745 0.502870951003769 0.446126048881671 1 0.332039681258736 0.380638291097188 0.381976194113745 0.332039681258736 1 0.58895765762626 0.502870951003769 0.380638291097188 0.58895765762626 1
"119" 1 0.580730899681706 0.263876205938288 0.448956618194401 0.580730899681706 1 0.456891002025301 0.532993893637481 0.263876205938288 0.456891002025301 1 0.558567356742772 0.448956618194401 0.532993893637481 0.558567356742772 1
"120" 1 0.655458082003601 0.37065574921046 0.592335049815665 0.655458082003601 1 0.598066596286819 0.697554697957199 0.37065574921046 0.598066596286819 1 0.694888934260623 0.592335049815665 0.697554697957199 0.694888934260623 1
"121" 1 0.488226305102876 0.417292672601208 0.540914332739605 0.488226305102876 1 0.752537029691245 0.667026115035354 0.417292672601208 0.752537029691245 1 0.788134689862847 0.540914332739605 0.667026115035354 0.788134689862847 1
"122" 1 0.461815853656239 0.40321808531286 0.388394540391606 0.461815853656239 1 0.770348642331856 0.808079343380797 0.40321808531286 0.770348642331856 1 0.86018507109842 0.388394540391606 0.808079343380797 0.86018507109842 1
"123" 1 0.394618122244704 0.383888603281715 0.481094994948938 0.394618122244704 1 0.656160742743885 0.637827958046091 0.383888603281715 0.656160742743885 1 0.801214259427308 0.481094994948938 0.637827958046091 0.801214259427308 1
"124" 1 0.617730705301166 0.357524097710536 0.140836246483025 0.617730705301166 1 0.50049849297172 0.281461126663027 0.357524097710536 0.50049849297172 1 0.62197165116386 0.140836246483025 0.281461126663027 0.62197165116386 1
"125" 1 0.432208018783031 0.356409080778967 0.365098274249896 0.432208018783031 1 0.627921980404051 0.408170869711035 0.356409080778967 0.627921980404051 1 0.611777249840776 0.365098274249896 0.408170869711035 0.611777249840776 1
"126" 1 0.468365971112294 0.306556377256863 0.476355341815141 0.468365971112294 1 0.635033523666034 0.518710206461581 0.306556377256863 0.635033523666034 1 0.647084304754351 0.476355341815141 0.518710206461581 0.647084304754351 1
"127" 1 0.434196970210506 0.066641009549065 0.122364796976784 0.434196970210506 1 0.555515183315365 0.54489858758086 0.066641009549065 0.555515183315365 1 0.793498836879616 0.122364796976784 0.54489858758086 0.793498836879616 1
"128" 1 0.291112979371268 0.341294617398006 0.317230632085017 0.291112979371268 1 0.553441879724668 0.377983999031183 0.341294617398006 0.553441879724668 1 0.529230869633135 0.317230632085017 0.377983999031183 0.529230869633135 1
"129" 1 0.542933715205813 0.251109308331756 0.321534459894507 0.542933715205813 1 0.607177908756141 0.647043591327711 0.251109308331756 0.607177908756141 1 0.722365520735307 0.321534459894507 0.647043591327711 0.722365520735307 1
"130" 1 0.371876727962395 0.38233272513363 0.559776245654025 0.371876727962395 1 0.645508476689039 0.621413428385158 0.38233272513363 0.645508476689039 1 0.586003911849336 0.559776245654025 0.621413428385158 0.586003911849336 1
"131" 1 0.556607844303644 0.540582754062106 0.606823552579835 0.556607844303644 1 0.767902320924539 0.74921481290356 0.540582754062106 0.767902320924539 1 0.856046388677084 0.606823552579835 0.74921481290356 0.856046388677084 1
"132" 1 0.675455279873887 0.521577421766157 0.307107477537495 0.675455279873887 1 0.769464249231327 0.569152754975553 0.521577421766157 0.769464249231327 1 0.373355982903042 0.307107477537495 0.569152754975553 0.373355982903042 1
"133" 1 0.580455397147181 0.251733722524402 -0.00041561734609503 0.580455397147181 1 0.412959753733312 0.355987885765155 0.251733722524402 0.412959753733312 1 0.308101085973942 -0.00041561734609503 0.355987885765155 0.308101085973942 1
"134" 1 0.579887133849012 0.193328575505621 0.248936086005868 0.579887133849012 1 0.549036611700223 0.553128610843549 0.193328575505621 0.549036611700223 1 0.814826237115715 0.248936086005868 0.553128610843549 0.814826237115715 1
"135" 1 0.484272384583049 0.560693288728686 0.432842641048856 0.484272384583049 1 0.663829329417284 0.567325288466574 0.560693288728686 0.663829329417284 1 0.458650509889598 0.432842641048856 0.567325288466574 0.458650509889598 1
"136" 1 0.57251787715262 0.529340035957613 0.520044599243496 0.57251787715262 1 0.64354584979046 0.778465956612178 0.529340035957613 0.64354584979046 1 0.846016302186756 0.520044599243496 0.778465956612178 0.846016302186756 1
"137" 1 0.647303836480894 0.604694249640229 0.644787300125298 0.647303836480894 1 0.714744968335828 0.781511035890365 0.604694249640229 0.714744968335828 1 0.670165555262683 0.644787300125298 0.781511035890365 0.670165555262683 1
"138" 1 0.516877628192944 0.307499228933979 0.501571951975475 0.516877628192944 1 0.460994203695676 0.596046851944101 0.307499228933979 0.460994203695676 1 0.730387003937338 0.501571951975475 0.596046851944101 0.730387003937338 1
"139" 1 -0.163335697188196 0.664510708388544 -0.116476957856789 -0.163335697188196 1 -0.0551915493134184 0.726390016472387 0.664510708388544 -0.0551915493134184 1 0.13426934359752 -0.116476957856789 0.726390016472387 0.13426934359752 1
"140" 1 0.276897802101852 0.343143857863496 0.276618529296088 0.276897802101852 1 0.719266597858298 0.614376909575596 0.343143857863496 0.719266597858298 1 0.628432793476624 0.276618529296088 0.614376909575596 0.628432793476624 1
"141" 1 0.51597446525322 0.266275278746382 0.298418405857632 0.51597446525322 1 0.260211514157129 0.184987620147108 0.266275278746382 0.260211514157129 1 0.60956667593888 0.298418405857632 0.184987620147108 0.60956667593888 1
"142" 1 0.286926646950134 0.27944447087557 0.399692688447141 0.286926646950134 1 0.328779958244678 0.375633693773292 0.27944447087557 0.328779958244678 1 0.639847396312432 0.399692688447141 0.375633693773292 0.639847396312432 1
"143" 1 0.498009337031071 0.591268961193783 0.63787410269986 0.498009337031071 1 0.51934486540206 0.65089441589408 0.591268961193783 0.51934486540206 1 0.870912636335296 0.63787410269986 0.65089441589408 0.870912636335296 1
"144" 1 0.54994318281767 0.52673408149106 0.647669743891718 0.54994318281767 1 0.677369586331669 0.698085183708358 0.52673408149106 0.677369586331669 1 0.805944431406678 0.647669743891718 0.698085183708358 0.805944431406678 1
"145" 1 0.528956732100589 0.469426833098975 0.368692572797921 0.528956732100589 1 0.732306427256719 0.490357376482598 0.469426833098975 0.732306427256719 1 0.524775591011345 0.368692572797921 0.490357376482598 0.524775591011345 1
"146" 1 0.347594352756623 0.283392414586822 0.0501253645792177 0.347594352756623 1 0.467777539523474 0.288069732274504 0.283392414586822 0.467777539523474 1 0.610200520210247 0.0501253645792177 0.288069732274504 0.610200520210247 1
"147" 1 0.643533296128287 0.483436359909309 0.632922135817429 0.643533296128287 1 0.648037868446015 0.680472682458017 0.483436359909309 0.648037868446015 1 0.601909146459577 0.632922135817429 0.680472682458017 0.601909146459577 1
"148" 1 0.404302668154515 0.32140255084711 0.283466123873323 0.404302668154515 1 0.571820117543859 0.471391437243274 0.32140255084711 0.571820117543859 1 0.721036286899394 0.283466123873323 0.471391437243274 0.721036286899394 1
"149" 1 0.510933052772375 0.525242911507242 0.468981932649709 0.510933052772375 1 0.704010700863778 0.749907712733137 0.525242911507242 0.704010700863778 1 0.860072638863926 0.468981932649709 0.749907712733137 0.860072638863926 1
"150" 1 0.342814358938479 0.0574261624326634 0.30577774788443 0.342814358938479 1 0.401526656302173 0.565013504876603 0.0574261624326634 0.401526656302173 1 0.522196498502511 0.30577774788443 0.565013504876603 0.522196498502511 1
"151" 1 0.500538349011797 0.273915123835564 0.4973125582694 0.500538349011797 1 0.233714293458364 0.448195366143232 0.273915123835564 0.233714293458364 1 0.415742202197808 0.4973125582694 0.448195366143232 0.415742202197808 1
"152" 1 0.387889549436444 0.35813919186433 0.414446633592725 0.387889549436444 1 0.697881130194214 0.293230257509831 0.35813919186433 0.697881130194214 1 0.35818497154788 0.414446633592725 0.293230257509831 0.35818497154788 1
"153" 1 0.681913812321368 0.561246223898413 0.54664152067678 0.681913812321368 1 0.797996070537896 0.749568460455673 0.561246223898413 0.797996070537896 1 0.818838549134212 0.54664152067678 0.749568460455673 0.818838549134212 1
"154" 1 0.453268999358909 0.333040228207911 0.478788316679194 0.453268999358909 1 0.675035031969332 0.55426086130396 0.333040228207911 0.675035031969332 1 0.637779247900315 0.478788316679194 0.55426086130396 0.637779247900315 1
"155" 1 0.289216068156994 0.0553665308525582 0.230054028190396 0.289216068156994 1 0.318171345708832 0.324252265732841 0.0553665308525582 0.318171345708832 1 0.746631788451199 0.230054028190396 0.324252265732841 0.746631788451199 1
"156" 1 0.25527971293301 0.368546212615821 0.520690251672977 0.25527971293301 1 0.587211020240363 0.581962186421318 0.368546212615821 0.587211020240363 1 0.761579456993537 0.520690251672977 0.581962186421318 0.761579456993537 1
"157" 1 0.606151853903292 0.487582383989405 0.535703116973221 0.606151853903292 1 0.644786944997124 0.619293668171802 0.487582383989405 0.644786944997124 1 0.731839331468329 0.535703116973221 0.619293668171802 0.731839331468329 1
"158" 1 0.73365344298805 0.697942053870274 0.625549047610497 0.73365344298805 1 0.715682900837589 0.746836120071474 0.697942053870274 0.715682900837589 1 0.611137872165406 0.625549047610497 0.746836120071474 0.611137872165406 1
"159" 1 0.0398895144571636 0.189809124959535 0.316169290935552 0.0398895144571636 1 0.262263154120476 0.213125500272998 0.189809124959535 0.262263154120476 1 0.530837930021081 0.316169290935552 0.213125500272998 0.530837930021081 1
"160" 1 0.738856305875877 0.678153655786895 0.618562223583667 0.738856305875877 1 0.675774708999301 0.723431251370511 0.678153655786895 0.675774708999301 1 0.770434586542564 0.618562223583667 0.723431251370511 0.770434586542564 1
"161" 1 0.500199477804473 0.597762947660278 0.520743083721131 0.500199477804473 1 0.333340994982041 0.373109311492809 0.597762947660278 0.333340994982041 1 0.584767891392862 0.520743083721131 0.373109311492809 0.584767891392862 1
"162" 1 0.687049027091752 0.567202037604177 0.628364441819321 0.687049027091752 1 0.733922206629088 0.751632334053973 0.567202037604177 0.733922206629088 1 0.839757521842326 0.628364441819321 0.751632334053973 0.839757521842326 1
"163" 1 0.321646064695723 0.217357824944692 0.262378962994522 0.321646064695723 1 0.707236888301435 0.566461144102342 0.217357824944692 0.707236888301435 1 0.776649075342259 0.262378962994522 0.566461144102342 0.776649075342259 1
"164" 1 0.506850809333936 0.487315492503356 0.730208791905222 0.506850809333936 1 0.345577347863848 0.648471617436198 0.487315492503356 0.345577347863848 1 0.642090105490535 0.730208791905222 0.648471617436198 0.642090105490535 1
"165" 1 0.688503896983065 0.559938407255591 0.579492990131546 0.688503896983065 1 0.8308879230702 0.763312392954352 0.559938407255591 0.8308879230702 1 0.730973494276378 0.579492990131546 0.763312392954352 0.730973494276378 1
"166" 1 0.724921473345884 0.712653472288426 0.67269262513552 0.724921473345884 1 0.604614145700917 0.596034106277675 0.712653472288426 0.604614145700917 1 0.807396119014936 0.67269262513552 0.596034106277675 0.807396119014936 1
"167" 1 0.664497778713023 0.552397181212369 0.215587784427069 0.664497778713023 1 0.664972262202165 0.466029768822118 0.552397181212369 0.664972262202165 1 0.646074600647908 0.215587784427069 0.466029768822118 0.646074600647908 1
"168" 1 0.593319861140028 0.491130582232695 0.533413458719003 0.593319861140028 1 0.725421073472757 0.734945333910104 0.491130582232695 0.725421073472757 1 0.804632019424742 0.533413458719003 0.734945333910104 0.804632019424742 1
"169" 1 0.196968943581396 0.134097035594346 0.300589054198283 0.196968943581396 1 0.522827775054683 0.21027405736294 0.134097035594346 0.522827775054683 1 0.562431154286846 0.300589054198283 0.21027405736294 0.562431154286846 1
"170" 1 0.664157528878795 0.565785887969633 0.527730903897034 0.664157528878795 1 0.565806629486758 0.560230270838904 0.565785887969633 0.565806629486758 1 0.788993388140027 0.527730903897034 0.560230270838904 0.788993388140027 1
"171" 1 0.50961942268614 0.687732864307025 0.688876479668023 0.50961942268614 1 0.383574659738102 0.44557337413389 0.687732864307025 0.383574659738102 1 0.867603385418964 0.688876479668023 0.44557337413389 0.867603385418964 1
"172" 1 0.329363310217276 0.286017489656477 0.396426060287789 0.329363310217276 1 0.519051369622031 0.481850603510492 0.286017489656477 0.519051369622031 1 0.583321974285065 0.396426060287789 0.481850603510492 0.583321974285065 1
"173" 1 0.573643239104085 0.669957116937268 0.654048493709823 0.573643239104085 1 0.721166675690631 0.720294768885968 0.669957116937268 0.721166675690631 1 0.779695922577764 0.654048493709823 0.720294768885968 0.779695922577764 1
"174" 1 0.62100695926049 0.509585126750159 0.127428650175584 0.62100695926049 1 0.689308451696949 0.325926719885931 0.509585126750159 0.689308451696949 1 0.599293202548794 0.127428650175584 0.325926719885931 0.599293202548794 1
"175" 1 0.665374602958376 0.543673284305126 0.571185265480387 0.665374602958376 1 0.510749038154019 0.621152465811382 0.543673284305126 0.510749038154019 1 0.723088943946506 0.571185265480387 0.621152465811382 0.723088943946506 1
"176" 1 0.701984658381147 0.7340946189918 0.716423420215697 0.701984658381147 1 0.775355173755945 0.704982798386528 0.7340946189918 0.775355173755945 1 0.729386637848311 0.716423420215697 0.704982798386528 0.729386637848311 1
"177" 1 0.394943867692041 -0.00107483258982092 0.0930435292275192 0.394943867692041 1 0.297683379785583 0.17406389688572 -0.00107483258982092 0.297683379785583 1 0.516416231744497 0.0930435292275192 0.17406389688572 0.516416231744497 1
"178" 1 0.571498922485811 0.483908168943794 0.548960027719934 0.571498922485811 1 0.759186938147851 0.738212545305159 0.483908168943794 0.759186938147851 1 0.845659392995212 0.548960027719934 0.738212545305159 0.845659392995212 1
"179" 1 0.58149720797687 0.589552531320179 0.678710374593127 0.58149720797687 1 0.674927418665178 0.807863743659794 0.589552531320179 0.674927418665178 1 0.7866734450844 0.678710374593127 0.807863743659794 0.7866734450844 1
"180" 1 0.310594644354655 0.155991242555505 0.437438532580019 0.310594644354655 1 0.661900535597627 0.561431885993816 0.155991242555505 0.661900535597627 1 0.667845266060811 0.437438532580019 0.561431885993816 0.667845266060811 1
"181" 1 0.329974751820239 0.468713397140516 0.618306049562698 0.329974751820239 1 0.6510743813375 0.403189755730194 0.468713397140516 0.6510743813375 1 0.572582386892998 0.618306049562698 0.403189755730194 0.572582386892998 1
"182" 1 0.79078880371837 0.702645098004603 0.704827996094455 0.79078880371837 1 0.788354836698052 0.797097393086913 0.702645098004603 0.788354836698052 1 0.695846068898393 0.704827996094455 0.797097393086913 0.695846068898393 1
"183" 1 0.334113338145992 0.263796095526039 0.266714599686791 0.334113338145992 1 0.203274370295687 0.198725236532689 0.263796095526039 0.203274370295687 1 0.501701945379638 0.266714599686791 0.198725236532689 0.501701945379638 1
"184" 1 0.550348283285692 0.50600922269396 0.517120947351066 0.550348283285692 1 0.664922752053135 0.782799220611416 0.50600922269396 0.664922752053135 1 0.694876010966179 0.517120947351066 0.782799220611416 0.694876010966179 1
"185" 1 0.376600880452846 0.395770327511029 0.574748475958628 0.376600880452846 1 0.59888127070813 0.675651180129659 0.395770327511029 0.59888127070813 1 0.714590030874525 0.574748475958628 0.675651180129659 0.714590030874525 1
"186" 1 0.707244398356169 0.582834511531025 0.687193210686336 0.707244398356169 1 0.732128608247561 0.749340599380545 0.582834511531025 0.732128608247561 1 0.748690321854611 0.687193210686336 0.749340599380545 0.748690321854611 1
"187" 1 0.327593449798912 0.277689051845834 0.553442518739317 0.327593449798912 1 0.602652302002761 0.604350431103635 0.277689051845834 0.602652302002761 1 0.452430387861185 0.553442518739317 0.604350431103635 0.452430387861185 1
"188" 1 0.710033723459083 0.595073344798639 0.662152406333527 0.710033723459083 1 0.662797945909756 0.712025216620424 0.595073344798639 0.662797945909756 1 0.859201455592796 0.662152406333527 0.712025216620424 0.859201455592796 1
"189" 1 0.547332257832243 0.447268923845286 0.455553162086409 0.547332257832243 1 0.618961822563234 0.65262540172316 0.447268923845286 0.618961822563234 1 0.71212051341111 0.455553162086409 0.65262540172316 0.71212051341111 1
"190" 1 0.415373375166543 0.194776159451391 0.454001659805552 0.415373375166543 1 0.473074839476712 0.569082264794177 0.194776159451391 0.473074839476712 1 0.220026131480807 0.454001659805552 0.569082264794177 0.220026131480807 1
"191" 1 0.494643269110909 0.515982620242867 0.542904616556111 0.494643269110909 1 0.624720778367308 0.622290582423538 0.515982620242867 0.624720778367308 1 0.784475541839818 0.542904616556111 0.622290582423538 0.784475541839818 1
"192" 1 0.529361231791158 0.455437656944235 0.404306423878047 0.529361231791158 1 0.667228608824601 0.584321795720945 0.455437656944235 0.667228608824601 1 0.619622138944273 0.404306423878047 0.584321795720945 0.619622138944273 1
"193" 1 0.749871249012849 0.573457328635177 0.49845637848103 0.749871249012849 1 0.669782813387862 0.510135174500605 0.573457328635177 0.669782813387862 1 0.459436915283408 0.49845637848103 0.510135174500605 0.459436915283408 1
"194" 1 0.276741636774747 0.330890248065119 0.53224612363146 0.276741636774747 1 0.684523722584772 0.354434494410287 0.330890248065119 0.684523722584772 1 0.370462194796412 0.53224612363146 0.354434494410287 0.370462194796412 1
"195" 1 0.574691180655333 0.462732520033909 0.329765627742791 0.574691180655333 1 0.614788832202313 0.501892353822077 0.462732520033909 0.614788832202313 1 0.761553325183148 0.329765627742791 0.501892353822077 0.761553325183148 1
"196" 1 0.456385830226629 0.318260761789509 0.536093026117942 0.456385830226629 1 0.692279762723923 0.655254009673784 0.318260761789509 0.692279762723923 1 0.580607285137259 0.536093026117942 0.655254009673784 0.580607285137259 1
"197" 1 0.291577879130194 0.305887222635256 0.471612156493805 0.291577879130194 1 0.473144784176655 0.154858015438102 0.305887222635256 0.473144784176655 1 0.501053009045909 0.471612156493805 0.154858015438102 0.501053009045909 1
"198" 1 0.556243864559919 0.180304550107705 0.488938613166466 0.556243864559919 1 0.437905285383794 0.533298924952244 0.180304550107705 0.437905285383794 1 0.539691323301353 0.488938613166466 0.533298924952244 0.539691323301353 1
"199" 1 0.57870218065592 0.401501739155477 0.447560259736048 0.57870218065592 1 0.642683563815887 0.630183439838047 0.401501739155477 0.642683563815887 1 0.79257954539472 0.447560259736048 0.630183439838047 0.79257954539472 1
"200" 1 0.650551822294661 0.379776988327145 0.313036152269119 0.650551822294661 1 0.577173182544542 0.376675214010092 0.379776988327145 0.577173182544542 1 0.639061773349716 0.313036152269119 0.376675214010092 0.639061773349716 1
"201" 1 0.565577287726032 0.44906189779594 0.365136028925081 0.565577287726032 1 0.676536966155166 0.646314179448559 0.44906189779594 0.676536966155166 1 0.853192886993901 0.365136028925081 0.646314179448559 0.853192886993901 1
"202" 1 0.615694447633565 0.282318657665123 0.391070516419983 0.615694447633565 1 0.488464875478167 0.667351513242634 0.282318657665123 0.488464875478167 1 0.706502353181499 0.391070516419983 0.667351513242634 0.706502353181499 1
"203" 1 0.533682243315511 0.437848571042804 0.350594876730857 0.533682243315511 1 0.630260190227726 0.604606206471267 0.437848571042804 0.630260190227726 1 0.801971701798457 0.350594876730857 0.604606206471267 0.801971701798457 1
"204" 1 0.68769429888814 0.592006667060312 0.631022026837172 0.68769429888814 1 0.679430732966623 0.628915996010786 0.592006667060312 0.679430732966623 1 0.662744034578997 0.631022026837172 0.628915996010786 0.662744034578997 1
"205" 1 0.43244009886463 0.109814376618447 0.499172662600846 0.43244009886463 1 0.159888731061137 0.651359862587735 0.109814376618447 0.159888731061137 1 0.365911842630581 0.499172662600846 0.651359862587735 0.365911842630581 1
"206" 1 0.455713927361364 0.120494726951822 0.418499632083483 0.455713927361364 1 0.224752869995972 0.625523879282721 0.120494726951822 0.224752869995972 1 0.222963478822704 0.418499632083483 0.625523879282721 0.222963478822704 1
"207" 1 0.456093358200579 0.446883444928577 0.409245247048906 0.456093358200579 1 0.577045700999299 0.543371938584344 0.446883444928577 0.577045700999299 1 0.745614948738575 0.409245247048906 0.543371938584344 0.745614948738575 1
"208" 1 0.32764455058918 0.52659169326852 0.527636625108773 0.32764455058918 1 0.486652750629274 0.475562309999827 0.52659169326852 0.486652750629274 1 0.78232461622886 0.527636625108773 0.475562309999827 0.78232461622886 1
"209" 1 0.630986701688525 0.405579029484409 0.395352961824937 0.630986701688525 1 0.630369994790054 0.635450886531299 0.405579029484409 0.630369994790054 1 0.738460086332384 0.395352961824937 0.635450886531299 0.738460086332384 1
"210" 1 0.239959544793936 0.1951784677622 0.296761351337986 0.239959544793936 1 0.602848052987947 0.281759854026403 0.1951784677622 0.602848052987947 1 0.590605931471142 0.296761351337986 0.281759854026403 0.590605931471142 1
