"V1" "V2" "V3" "V4" "V5" "V6" "V7" "V8" "V9" "V10" "V11" "V12" "V13" "V14" "V15" "V16"
"1" 1 0.3719311807864 0.30738069026861 0.506218725636157 0.3719311807864 1 0.682800706736007 0.646701994927844 0.30738069026861 0.682800706736007 1 0.64460573515873 0.506218725636157 0.646701994927844 0.64460573515873 1
"2" 1 0.536225308943231 0.266522334557941 0.410912755283429 0.536225308943231 1 -0.0130458951009213 0.406616428392433 0.266522334557941 -0.0130458951009213 1 0.49290576119496 0.410912755283429 0.406616428392433 0.49290576119496 1
"3" 1 0.669424431122434 0.598496966452396 0.625784298919188 0.669424431122434 1 0.721219230275255 0.76848862315964 0.598496966452396 0.721219230275255 1 0.847389519670479 0.625784298919188 0.76848862315964 0.847389519670479 1
"4" 1 0.305148046765702 0.421580217822299 0.380625192573865 0.305148046765702 1 0.626344460232721 0.579991696018871 0.421580217822299 0.626344460232721 1 0.496198893182881 0.380625192573865 0.579991696018871 0.496198893182881 1
"5" 1 0.508462971183016 0.505938422921314 0.576817734800573 0.508462971183016 1 0.626192744260825 0.59667250646033 0.505938422921314 0.626192744260825 1 0.696493136830046 0.576817734800573 0.59667250646033 0.696493136830046 1
"6" 1 0.638046668015689 0.579712098265431 0.625309681289682 0.638046668015689 1 0.611956316668001 0.663820330082455 0.579712098265431 0.611956316668001 1 0.884250811454962 0.625309681289682 0.663820330082455 0.884250811454962 1
"7" 1 0.399539668213194 0.463991709468698 0.496422381327186 0.399539668213194 1 0.539505739493989 0.635632799868888 0.463991709468698 0.539505739493989 1 0.761544859223602 0.496422381327186 0.635632799868888 0.761544859223602 1
"8" 1 0.599895785434772 0.514515223052294 0.488791618039645 0.599895785434772 1 0.633967852909846 0.702395113173223 0.514515223052294 0.633967852909846 1 0.703775263116565 0.488791618039645 0.702395113173223 0.703775263116565 1
"9" 1 0.487983510042597 0.217892777254431 0.230285345799546 0.487983510042597 1 0.497835801031015 0.385731344799001 0.217892777254431 0.497835801031015 1 0.64912141849708 0.230285345799546 0.385731344799001 0.64912141849708 1
"10" 1 0.426678980765265 0.287759029963839 0.320396640809976 0.426678980765265 1 0.465890401817115 0.624684720425403 0.287759029963839 0.465890401817115 1 0.523764884092468 0.320396640809976 0.624684720425403 0.523764884092468 1
"11" 1 0.551958956076032 0.381049267281557 0.497000170348682 0.551958956076032 1 0.470209676992723 0.611699256567348 0.381049267281557 0.470209676992723 1 0.69730911008975 0.497000170348682 0.611699256567348 0.69730911008975 1
"12" 1 0.801243214678907 0.466777480886439 0.711177296958414 0.801243214678907 1 0.485292589622485 0.723086542020363 0.466777480886439 0.485292589622485 1 0.75588994907413 0.711177296958414 0.723086542020363 0.75588994907413 1
"13" 1 0.60982633325477 0.387151433108345 0.479510775229325 0.60982633325477 1 0.562135994763464 0.519823923068406 0.387151433108345 0.562135994763464 1 0.561216342028537 0.479510775229325 0.519823923068406 0.561216342028537 1
"14" 1 0.408696219683639 0.468779046274246 0.478711724255684 0.408696219683639 1 0.674980268856793 0.517143086502975 0.468779046274246 0.674980268856793 1 0.619685395441921 0.478711724255684 0.517143086502975 0.619685395441921 1
"15" 1 0.643554667130407 0.315887480237166 0.656861943742739 0.643554667130407 1 0.281508689556471 0.515068175926297 0.315887480237166 0.281508689556471 1 0.574556236023857 0.656861943742739 0.515068175926297 0.574556236023857 1
"16" 1 0.439663647589545 0.386680003244179 0.187119086562528 0.439663647589545 1 0.463872679894374 0.0986858605999343 0.386680003244179 0.463872679894374 1 0.62650632813255 0.187119086562528 0.0986858605999343 0.62650632813255 1
"17" 1 0.578310939900444 0.486876390937051 0.571881588439224 0.578310939900444 1 0.764407642419608 0.617451980314354 0.486876390937051 0.764407642419608 1 0.654412511984083 0.571881588439224 0.617451980314354 0.654412511984083 1
"18" 1 0.428608835465691 0.338083928009069 0.368716217216584 0.428608835465691 1 0.698917312406196 0.516375663260285 0.338083928009069 0.698917312406196 1 0.633512764292793 0.368716217216584 0.516375663260285 0.633512764292793 1
"19" 1 0.503542625154304 0.491563189857444 0.476856063513716 0.503542625154304 1 0.699240517030244 0.62616933812878 0.491563189857444 0.699240517030244 1 0.73953532890422 0.476856063513716 0.62616933812878 0.73953532890422 1
"20" 1 0.645556969355267 0.573848483522483 0.599058569567177 0.645556969355267 1 0.618182843856175 0.661707060294311 0.573848483522483 0.618182843856175 1 0.813040848372033 0.599058569567177 0.661707060294311 0.813040848372033 1
"21" 1 0.596258366860473 0.597915820046698 0.631584796784405 0.596258366860473 1 0.764728125975079 0.729366516054656 0.597915820046698 0.764728125975079 1 0.775567492821492 0.631584796784405 0.729366516054656 0.775567492821492 1
"22" 1 0.553734690212368 0.41743182832618 0.471270607220797 0.553734690212368 1 0.637524257941473 0.665275320979837 0.41743182832618 0.637524257941473 1 0.713474797321891 0.471270607220797 0.665275320979837 0.713474797321891 1
"23" 1 0.679306024999009 0.403478587194809 0.651552469514996 0.679306024999009 1 0.290850963725806 0.546724515291014 0.403478587194809 0.290850963725806 1 0.701950483484519 0.651552469514996 0.546724515291014 0.701950483484519 1
"24" 1 0.580846211663173 0.580932692283102 0.536754510593933 0.580846211663173 1 0.7897348670621 0.653526924674669 0.580932692283102 0.7897348670621 1 0.727054756254753 0.536754510593933 0.653526924674669 0.727054756254753 1
"25" 1 0.665019407129202 0.543233510713065 0.327697522706108 0.665019407129202 1 0.784592277192903 0.676478638205667 0.543233510713065 0.784592277192903 1 0.54750762477838 0.327697522706108 0.676478638205667 0.54750762477838 1
"26" 1 0.516842390213623 0.403509085340808 0.567391912289072 0.516842390213623 1 0.656423780681521 0.520425965686006 0.403509085340808 0.656423780681521 1 0.535900031660905 0.567391912289072 0.520425965686006 0.535900031660905 1
"27" 1 0.563233734023819 0.306206605566737 0.370362128248611 0.563233734023819 1 0.47371000656992 0.592898042146431 0.306206605566737 0.47371000656992 1 0.45531555132134 0.370362128248611 0.592898042146431 0.45531555132134 1
"28" 1 0.612611514359697 0.502115042734666 0.442559783642719 0.612611514359697 1 0.715643079666286 0.733979561646735 0.502115042734666 0.715643079666286 1 0.781663828048161 0.442559783642719 0.733979561646735 0.781663828048161 1
"29" 1 0.631522543982059 0.558414496112486 0.659092935873466 0.631522543982059 1 0.683984287123657 0.645864802886874 0.558414496112486 0.683984287123657 1 0.780974990999974 0.659092935873466 0.645864802886874 0.780974990999974 1
"30" 1 0.710647984427418 0.594473517159212 0.650401689929302 0.710647984427418 1 0.630863536787282 0.671176052381913 0.594473517159212 0.630863536787282 1 0.805161647420674 0.650401689929302 0.671176052381913 0.805161647420674 1
"31" 1 0.405632027580228 0.331016920833937 0.406682443274861 0.405632027580228 1 0.529917209272677 0.431992526627863 0.331016920833937 0.529917209272677 1 0.647422677090457 0.406682443274861 0.431992526627863 0.647422677090457 1
"32" 1 0.568659059061999 0.635488987790383 0.394613288301548 0.568659059061999 1 0.679523195651352 0.724497486761596 0.635488987790383 0.679523195651352 1 0.700174818082665 0.394613288301548 0.724497486761596 0.700174818082665 1
"33" 1 0.665754667297546 0.585360236312338 0.655155663957151 0.665754667297546 1 0.47788159765591 0.641038606729327 0.585360236312338 0.47788159765591 1 0.581404202110593 0.655155663957151 0.641038606729327 0.581404202110593 1
"34" 1 0.735963219663134 0.682749399506899 0.635809001626407 0.735963219663134 1 0.598194906244475 0.61219630342318 0.682749399506899 0.598194906244475 1 0.850118930198123 0.635809001626407 0.61219630342318 0.850118930198123 1
"35" 1 0.455693981943465 0.300348692795236 0.457216204318718 0.455693981943465 1 0.639856928334357 0.56663427062369 0.300348692795236 0.639856928334357 1 0.54194331175767 0.457216204318718 0.56663427062369 0.54194331175767 1
"36" 1 0.490539386736392 0.502111526423715 0.639100658598643 0.490539386736392 1 0.398030367396216 0.592155319150252 0.502111526423715 0.398030367396216 1 0.552952106709567 0.639100658598643 0.592155319150252 0.552952106709567 1
"37" 1 0.487659107180774 0.341328172230308 0.51953930075626 0.487659107180774 1 0.652858482271316 0.432083542321958 0.341328172230308 0.652858482271316 1 0.602921396432036 0.51953930075626 0.432083542321958 0.602921396432036 1
"38" 1 0.761267888484713 0.758836167430527 0.468971978851074 0.761267888484713 1 0.792164043420956 0.65798752565462 0.758836167430527 0.792164043420956 1 0.537635762168117 0.468971978851074 0.65798752565462 0.537635762168117 1
"39" 1 0.700563267788217 0.670925290470817 0.525496512106136 0.700563267788217 1 0.833743372336871 0.491331112144797 0.670925290470817 0.833743372336871 1 0.5858603877319 0.525496512106136 0.491331112144797 0.5858603877319 1
"40" 1 0.605833791918755 0.553208331098259 0.474483949388987 0.605833791918755 1 0.561115704175003 0.581759912189465 0.553208331098259 0.561115704175003 1 0.59781196719784 0.474483949388987 0.581759912189465 0.59781196719784 1
"41" 1 0.521434952812086 0.386747459821364 0.411418512686797 0.521434952812086 1 0.521886056533653 0.369707147741714 0.386747459821364 0.521886056533653 1 0.477849625453832 0.411418512686797 0.369707147741714 0.477849625453832 1
"42" 1 0.389614717035063 0.433778994366195 0.559810264706575 0.389614717035063 1 0.622424588085209 0.490147679092724 0.433778994366195 0.622424588085209 1 0.6630672760097 0.559810264706575 0.490147679092724 0.6630672760097 1
"43" 1 0.634575904281939 0.596964808980251 0.607837840225729 0.634575904281939 1 0.702209854034377 0.747699698662583 0.596964808980251 0.702209854034377 1 0.843890792154049 0.607837840225729 0.747699698662583 0.843890792154049 1
"44" 1 0.0442826114601413 0.274631541343659 0.454987422731799 0.0442826114601413 1 0.111268164675585 0.0572163828760076 0.274631541343659 0.111268164675585 1 0.538339936105591 0.454987422731799 0.0572163828760076 0.538339936105591 1
"45" 1 0.331584305787565 0.459416639708389 0.474819332166782 0.331584305787565 1 0.502658617345832 0.633765479512155 0.459416639708389 0.502658617345832 1 0.725690071097904 0.474819332166782 0.633765479512155 0.725690071097904 1
"46" 1 0.612135717755257 0.481461465024557 0.435778982203526 0.612135717755257 1 0.561417147885127 0.539828978023092 0.481461465024557 0.561417147885127 1 0.758026384149486 0.435778982203526 0.539828978023092 0.758026384149486 1
"47" 1 0.731955875576985 0.515380783203349 0.708547297596478 0.731955875576985 1 0.461841137004211 0.804000770567741 0.515380783203349 0.461841137004211 1 0.698452744583263 0.708547297596478 0.804000770567741 0.698452744583263 1
"48" 1 0.641791791851131 0.55228723073968 0.596752128206285 0.641791791851131 1 0.808268772690696 0.731796327733839 0.55228723073968 0.808268772690696 1 0.833179816426732 0.596752128206285 0.731796327733839 0.833179816426732 1
"49" 1 -0.337406009774453 -0.0982237151639338 -0.385531950693779 -0.337406009774453 1 0.578688181226754 0.765231278851938 -0.0982237151639338 0.578688181226754 1 0.555062732947219 -0.385531950693779 0.765231278851938 0.555062732947219 1
"50" 1 0.597307953184699 0.442229389755308 0.470546946213498 0.597307953184699 1 0.520665305279695 0.535312344268508 0.442229389755308 0.520665305279695 1 0.664319369744778 0.470546946213498 0.535312344268508 0.664319369744778 1
"51" 1 0.339135584195238 0.252545158898686 0.410008319833022 0.339135584195238 1 0.745394129379051 0.422822039103392 0.252545158898686 0.745394129379051 1 0.433363220186968 0.410008319833022 0.422822039103392 0.433363220186968 1
"52" 1 0.290410500144039 0.515018825265902 0.662494829327521 0.290410500144039 1 0.70308416022406 0.552663127666106 0.515018825265902 0.70308416022406 1 0.75922688939404 0.662494829327521 0.552663127666106 0.75922688939404 1
"53" 1 0.515306373787183 0.442978727288147 0.394337775775703 0.515306373787183 1 0.506446141946054 0.468691388450514 0.442978727288147 0.506446141946054 1 0.609847779311677 0.394337775775703 0.468691388450514 0.609847779311677 1
"54" 1 0.449803738640507 0.14473676094152 0.52284580518123 0.449803738640507 1 0.494092611720519 0.454944151755166 0.14473676094152 0.494092611720519 1 0.182858623352295 0.52284580518123 0.454944151755166 0.182858623352295 1
"55" 1 0.516518741257151 0.563416608363873 0.535584898073991 0.516518741257151 1 0.660343569930449 0.610888315326405 0.563416608363873 0.660343569930449 1 0.690932536717389 0.535584898073991 0.610888315326405 0.690932536717389 1
"56" 1 0.642805857092128 0.682963873491855 0.693085530902252 0.642805857092128 1 0.68746203960572 0.696651193108361 0.682963873491855 0.68746203960572 1 0.859105049645334 0.693085530902252 0.696651193108361 0.859105049645334 1
"57" 1 0.446627750719612 0.362374568966144 0.514529313634891 0.446627750719612 1 0.448711889627473 0.498801497942434 0.362374568966144 0.448711889627473 1 0.677858507247195 0.514529313634891 0.498801497942434 0.677858507247195 1
"58" 1 0.414526960365021 0.467150418942791 0.457104129472945 0.414526960365021 1 0.745476434738204 0.751685282288125 0.467150418942791 0.745476434738204 1 0.83964971402842 0.457104129472945 0.751685282288125 0.83964971402842 1
"59" 1 0.323270100824782 0.459217824802591 0.582266063093846 0.323270100824782 1 0.504655947190144 0.568822312051338 0.459217824802591 0.504655947190144 1 0.783218862487136 0.582266063093846 0.568822312051338 0.783218862487136 1
"60" 1 0.383367580331867 0.487718711002236 0.460589578338804 0.383367580331867 1 0.743005922817557 0.550490973781755 0.487718711002236 0.743005922817557 1 0.681342062133028 0.460589578338804 0.550490973781755 0.681342062133028 1
"61" 1 0.680728056319709 0.552408475941697 0.552353625396256 0.680728056319709 1 0.603156111339828 0.625431052842263 0.552408475941697 0.603156111339828 1 0.777798233258884 0.552353625396256 0.625431052842263 0.777798233258884 1
"62" 1 0.809924191815408 0.706708730449476 0.789387883103176 0.809924191815408 1 0.782637937543638 0.831852392306475 0.706708730449476 0.782637937543638 1 0.761733565076131 0.789387883103176 0.831852392306475 0.761733565076131 1
"63" 1 0.389959254026616 0.292233267766646 0.185590164189818 0.389959254026616 1 0.655018395562884 0.400104548316173 0.292233267766646 0.655018395562884 1 0.474019004788583 0.185590164189818 0.400104548316173 0.474019004788583 1
"64" 1 0.778685951148462 0.632870145926481 0.66200679582107 0.778685951148462 1 0.782408330778553 0.794965631097799 0.632870145926481 0.782408330778553 1 0.762264306920326 0.66200679582107 0.794965631097799 0.762264306920326 1
"65" 1 0.151857539532627 0.312209663739209 0.227577781377174 0.151857539532627 1 0.314741575548093 0.58870076135371 0.312209663739209 0.314741575548093 1 0.203891453559048 0.227577781377174 0.58870076135371 0.203891453559048 1
"66" 1 0.697227035113728 0.42675691411502 0.310079219788671 0.697227035113728 1 0.629877548684149 0.466704798938846 0.42675691411502 0.629877548684149 1 0.738065868865462 0.310079219788671 0.466704798938846 0.738065868865462 1
"67" 1 0.418866649927855 0.402749449145744 0.663033143352798 0.418866649927855 1 0.585990946211525 0.596761661662955 0.402749449145744 0.585990946211525 1 0.635110963806619 0.663033143352798 0.596761661662955 0.635110963806619 1
"68" 1 -0.00433620195110209 -0.153753013589759 0.080408843817821 -0.00433620195110209 1 0.688745609032895 0.649762520301803 -0.153753013589759 0.688745609032895 1 0.642351411666921 0.080408843817821 0.649762520301803 0.642351411666921 1
"69" 1 0.738924908952446 0.699228469833556 0.535657963977267 0.738924908952446 1 0.609682163805082 0.565900126312527 0.699228469833556 0.609682163805082 1 0.737888985652705 0.535657963977267 0.565900126312527 0.737888985652705 1
"70" 1 0.568344415982931 0.582299797932151 0.20377243938944 0.568344415982931 1 0.653415612931897 0.271845126077822 0.582299797932151 0.653415612931897 1 0.371264857139401 0.20377243938944 0.271845126077822 0.371264857139401 1
"71" 1 0.245619330686064 0.412772825876084 0.572489792889292 0.245619330686064 1 0.526325984485113 0.420697574584497 0.412772825876084 0.526325984485113 1 0.678681404515372 0.572489792889292 0.420697574584497 0.678681404515372 1
"72" 1 0.556601678253992 0.190020717465495 0.257232097377917 0.556601678253992 1 0.411550085107056 0.233930811456593 0.190020717465495 0.411550085107056 1 0.554557594154476 0.257232097377917 0.233930811456593 0.554557594154476 1
"73" 1 0.584279124562427 0.444600438613378 0.365370247400474 0.584279124562427 1 0.614986402412152 0.556132501221167 0.444600438613378 0.614986402412152 1 0.747442357328076 0.365370247400474 0.556132501221167 0.747442357328076 1
"74" 1 0.669103498302273 0.545332241454964 0.589091614899302 0.669103498302273 1 0.579873141303922 0.628207930323269 0.545332241454964 0.579873141303922 1 0.763163455886974 0.589091614899302 0.628207930323269 0.763163455886974 1
"75" 1 0.686700591076533 0.543228603515589 0.56264838286567 0.686700591076533 1 0.621303304214432 0.670488016380528 0.543228603515589 0.621303304214432 1 0.81684839838063 0.56264838286567 0.670488016380528 0.81684839838063 1
"76" 1 0.205038606768413 0.336203564523821 0.0741939544427727 0.205038606768413 1 0.430856697337996 0.103784998094227 0.336203564523821 0.430856697337996 1 0.219219430516098 0.0741939544427727 0.103784998094227 0.219219430516098 1
"77" 1 0.318855841963592 0.518415490902846 0.770280201832839 0.318855841963592 1 0.313168810798887 0.356866033867212 0.518415490902846 0.313168810798887 1 0.727697489997548 0.770280201832839 0.356866033867212 0.727697489997548 1
"78" 1 0.639098634155486 0.581320679791817 0.55742005402247 0.639098634155486 1 0.566392559728014 0.564653457212587 0.581320679791817 0.566392559728014 1 0.804294574379732 0.55742005402247 0.564653457212587 0.804294574379732 1
"79" 1 0.477148200667926 0.173336166545789 0.43301139631353 0.477148200667926 1 0.401324912518787 0.578738994427146 0.173336166545789 0.401324912518787 1 0.733269086053076 0.43301139631353 0.578738994427146 0.733269086053076 1
"80" 1 0.47819574880783 0.429537393107985 0.540165826687417 0.47819574880783 1 0.604135876718565 0.426143143538975 0.429537393107985 0.604135876718565 1 0.605276431357944 0.540165826687417 0.426143143538975 0.605276431357944 1
"81" 1 0.576008795126717 0.515781266077255 0.3814043023147 0.576008795126717 1 0.573493971860665 0.435758158293265 0.515781266077255 0.573493971860665 1 0.501802317764939 0.3814043023147 0.435758158293265 0.501802317764939 1
"82" 1 0.616680062989393 0.573900512268316 0.510627660199853 0.616680062989393 1 0.665373879028583 0.557138437257103 0.573900512268316 0.665373879028583 1 0.699778363099994 0.510627660199853 0.557138437257103 0.699778363099994 1
"83" 1 0.553481240065164 0.465440625306363 0.482708636469313 0.553481240065164 1 0.262114543664733 0.381291969679429 0.465440625306363 0.262114543664733 1 0.870589526026971 0.482708636469313 0.381291969679429 0.870589526026971 1
"84" 1 0.593252586497156 0.380784238703422 0.481448906179489 0.593252586497156 1 0.36690547511192 0.514188211160407 0.380784238703422 0.36690547511192 1 0.660885171366643 0.481448906179489 0.514188211160407 0.660885171366643 1
"85" 1 0.585727790207575 0.280847617609287 0.405230357787635 0.585727790207575 1 0.412188754281205 0.509728196144723 0.280847617609287 0.412188754281205 1 0.516851238013791 0.405230357787635 0.509728196144723 0.516851238013791 1
"86" 1 0.374591781600748 0.383434172534222 0.381220037266234 0.374591781600748 1 0.692612901427396 0.629138995488058 0.383434172534222 0.692612901427396 1 0.793371325016453 0.381220037266234 0.629138995488058 0.793371325016453 1
"87" 1 0.485701791825799 0.356857624558446 0.49299150245211 0.485701791825799 1 0.493138221338329 0.58194697090043 0.356857624558446 0.493138221338329 1 0.592284631089906 0.49299150245211 0.58194697090043 0.592284631089906 1
"88" 1 0.663041402492825 0.400723061194696 0.523120664078526 0.663041402492825 1 0.467776957126885 0.454661683063808 0.400723061194696 0.467776957126885 1 0.558217089247637 0.523120664078526 0.454661683063808 0.558217089247637 1
"89" 1 0.354325510805936 0.46301314005576 0.434876978374994 0.354325510805936 1 0.380044844152962 0.510308383499635 0.46301314005576 0.380044844152962 1 0.718464959430887 0.434876978374994 0.510308383499635 0.718464959430887 1
"90" 1 0.650642813504788 0.544714124343385 0.541862766359859 0.650642813504788 1 0.546950540273198 0.65529862287477 0.544714124343385 0.546950540273198 1 0.715417217367431 0.541862766359859 0.65529862287477 0.715417217367431 1
"91" 1 0.829384553133864 0.639065753202935 0.606434682592546 0.829384553133864 1 0.684021602358704 0.628382454364165 0.639065753202935 0.684021602358704 1 0.768907272760816 0.606434682592546 0.628382454364165 0.768907272760816 1
"92" 1 0.564282914440098 0.544061784849613 0.541116632641491 0.564282914440098 1 0.632489488070255 0.639556947329461 0.544061784849613 0.632489488070255 1 0.798781626189953 0.541116632641491 0.639556947329461 0.798781626189953 1
"93" 1 0.848546705147391 0.0112540729970639 0.484285663548782 0.848546705147391 1 -0.0193684117590467 0.434122597583258 0.0112540729970639 -0.0193684117590467 1 0.10881287041168 0.484285663548782 0.434122597583258 0.10881287041168 1
"94" 1 0.584077729274747 0.580929282053318 0.559443493687447 0.584077729274747 1 0.813702022768262 0.760110081873577 0.580929282053318 0.813702022768262 1 0.879330370320921 0.559443493687447 0.760110081873577 0.879330370320921 1
"95" 1 0.51845942102542 0.54968678888103 0.66071345581681 0.51845942102542 1 0.597649309932404 0.648500036856409 0.54968678888103 0.597649309932404 1 0.737309656658765 0.66071345581681 0.648500036856409 0.737309656658765 1
"96" 1 0.700009760124991 0.576724125175492 0.645867002976165 0.700009760124991 1 0.685897729026605 0.717739759908465 0.576724125175492 0.685897729026605 1 0.798038282834272 0.645867002976165 0.717739759908465 0.798038282834272 1
"97" 1 0.524138597744961 0.453862171841436 0.563654376713037 0.524138597744961 1 0.7027045446902 0.681046293481486 0.453862171841436 0.7027045446902 1 0.74887787883764 0.563654376713037 0.681046293481486 0.74887787883764 1
"98" 1 0.466423959902463 0.33045095893424 0.461354118894309 0.466423959902463 1 0.706471879925432 0.727929081856152 0.33045095893424 0.706471879925432 1 0.781067589491605 0.461354118894309 0.727929081856152 0.781067589491605 1
"99" 1 0.61326057136488 0.620911583312509 0.702216659154368 0.61326057136488 1 0.631150788767277 0.762852592499673 0.620911583312509 0.631150788767277 1 0.765369471107059 0.702216659154368 0.762852592499673 0.765369471107059 1
"100" 1 0.253491008600225 0.18365858554067 0.18582922420535 0.253491008600225 1 0.666149722676297 0.52240389771468 0.18365858554067 0.666149722676297 1 0.57616887383441 0.18582922420535 0.52240389771468 0.57616887383441 1
"101" 1 0.0711515559950598 -0.0193061033283839 0.335919729235664 0.0711515559950598 1 -0.00576021652436365 0.338741155209258 -0.0193061033283839 -0.00576021652436365 1 0.0502423882961249 0.335919729235664 0.338741155209258 0.0502423882961249 1
"102" 1 0.464510085699754 0.488318316991318 0.524414249037562 0.464510085699754 1 0.672318957445883 0.445405692234757 0.488318316991318 0.672318957445883 1 0.508380412109253 0.524414249037562 0.445405692234757 0.508380412109253 1
"103" 1 0.399794239481999 0.277153377086794 0.27445303097786 0.399794239481999 1 0.548010517610518 0.538001666703064 0.277153377086794 0.548010517610518 1 0.575527244794113 0.27445303097786 0.538001666703064 0.575527244794113 1
"104" 1 0.489932683524196 0.212258960288294 0.319082319054681 0.489932683524196 1 0.563015367037411 0.649604348611625 0.212258960288294 0.563015367037411 1 0.85020483471311 0.319082319054681 0.649604348611625 0.85020483471311 1
"105" 1 0.60520854701289 0.335780582696064 0.412062749063657 0.60520854701289 1 0.649687783289689 0.652864864919805 0.335780582696064 0.649687783289689 1 0.762528187582516 0.412062749063657 0.652864864919805 0.762528187582516 1
"106" 1 0.582860781239931 0.0612471427646263 0.297440505729815 0.582860781239931 1 0.046247297058148 0.383744871609295 0.0612471427646263 0.046247297058148 1 0.292593944567807 0.297440505729815 0.383744871609295 0.292593944567807 1
"107" 1 0.368681478314718 0.423494631689103 0.47571705600581 0.368681478314718 1 0.609341118835779 0.510181385855272 0.423494631689103 0.609341118835779 1 0.616554062388854 0.47571705600581 0.510181385855272 0.616554062388854 1
"108" 1 0.702094443599083 0.647704871620856 0.604665900194462 0.702094443599083 1 0.759342634347015 0.727804392622718 0.647704871620856 0.759342634347015 1 0.748704377754884 0.604665900194462 0.727804392622718 0.748704377754884 1
"109" 1 0.397372107946897 0.15464793155116 0.462633610969122 0.397372107946897 1 0.0903643262192649 0.512570861459703 0.15464793155116 0.0903643262192649 1 0.423983965978423 0.462633610969122 0.512570861459703 0.423983965978423 1
"110" 1 0.424825193498745 0.269076824245734 0.345690569695551 0.424825193498745 1 0.384167708927453 0.245974986269582 0.269076824245734 0.384167708927453 1 0.647330434397633 0.345690569695551 0.245974986269582 0.647330434397633 1
"111" 1 0.681136873096803 0.603067883236807 0.588611478132442 0.681136873096803 1 0.745667936677263 0.733117645795572 0.603067883236807 0.745667936677263 1 0.84037118633663 0.588611478132442 0.733117645795572 0.84037118633663 1
"112" 1 0.647382799709499 0.536102559571084 0.308599091727032 0.647382799709499 1 0.670326622248297 0.170841410061331 0.536102559571084 0.670326622248297 1 0.259592719472271 0.308599091727032 0.170841410061331 0.259592719472271 1
"113" 1 0.481950206426126 0.352884340040288 0.583510603089542 0.481950206426126 1 0.568760643153901 0.356002698446595 0.352884340040288 0.568760643153901 1 0.440675957504276 0.583510603089542 0.356002698446595 0.440675957504276 1
"114" 1 0.296042073647178 0.276206439078187 0.348009992338561 0.296042073647178 1 0.442345604788675 0.387971978498245 0.276206439078187 0.442345604788675 1 0.623556243426659 0.348009992338561 0.387971978498245 0.623556243426659 1
"115" 1 0.537689640059686 0.552987416454508 0.352223922276019 0.537689640059686 1 0.607040799684259 0.554330584962498 0.552987416454508 0.607040799684259 1 0.653024110260466 0.352223922276019 0.554330584962498 0.653024110260466 1
"116" 1 0.405147944716101 0.440732081354249 0.498691154713943 0.405147944716101 1 0.655822585443768 0.587463035318871 0.440732081354249 0.655822585443768 1 0.768214317904367 0.498691154713943 0.587463035318871 0.768214317904367 1
"117" 1 0.678602879140229 0.488168565263515 0.617359575562081 0.678602879140229 1 0.694496147889607 0.788329269836809 0.488168565263515 0.694496147889607 1 0.820387831060299 0.617359575562081 0.788329269836809 0.820387831060299 1
"118" 1 0.331920771055083 0.292824593737998 -0.0992564823934153 0.331920771055083 1 0.534894453549408 0.17586691296614 0.292824593737998 0.534894453549408 1 -0.06400048245486 -0.0992564823934153 0.17586691296614 -0.06400048245486 1
"119" 1 0.278600583680206 0.27799068554051 0.451406059061971 0.278600583680206 1 0.339248166724353 0.331442400399127 0.27799068554051 0.339248166724353 1 0.533894183529463 0.451406059061971 0.331442400399127 0.533894183529463 1
"120" 1 0.7391589452933 0.506656436351519 0.418223653571392 0.7391589452933 1 0.754268758943915 0.562661235570568 0.506656436351519 0.754268758943915 1 0.695806832675626 0.418223653571392 0.562661235570568 0.695806832675626 1
"121" 1 0.610144864371001 0.440299990802491 0.243633188778313 0.610144864371001 1 0.559325529583898 0.312525134676432 0.440299990802491 0.559325529583898 1 0.556967375390844 0.243633188778313 0.312525134676432 0.556967375390844 1
"122" 1 0.365240689797256 0.314934513204885 0.326336347845652 0.365240689797256 1 0.60069944716534 0.58239784217636 0.314934513204885 0.60069944716534 1 0.834266931908541 0.326336347845652 0.58239784217636 0.834266931908541 1
"123" 1 0.630217789995358 0.480926602580306 0.48765921455504 0.630217789995358 1 0.712651507046057 0.594446589735963 0.480926602580306 0.712651507046057 1 0.708812829760204 0.48765921455504 0.594446589735963 0.708812829760204 1
"124" 1 0.0802229477538921 0.262721025803817 0.473733896711799 0.0802229477538921 1 0.392253320748159 0.486143017532364 0.262721025803817 0.392253320748159 1 0.519424758789832 0.473733896711799 0.486143017532364 0.519424758789832 1
"125" 1 0.464670460452878 0.356218663392291 0.284808920180054 0.464670460452878 1 0.725381402567725 0.544794885693175 0.356218663392291 0.725381402567725 1 0.694763776613129 0.284808920180054 0.544794885693175 0.694763776613129 1
"126" 1 0.585233494358802 0.503431104001778 0.793974078297853 0.585233494358802 1 0.576104684067752 0.512726721502941 0.503431104001778 0.576104684067752 1 0.525885600394959 0.793974078297853 0.512726721502941 0.525885600394959 1
"127" 1 0.241549874200174 0.487834375877821 0.454455700405433 0.241549874200174 1 0.545247111016346 0.581315580057545 0.487834375877821 0.545247111016346 1 0.739852005973222 0.454455700405433 0.581315580057545 0.739852005973222 1
"128" 1 0.282300177906427 0.0992379136560199 0.00104199308922735 0.282300177906427 1 0.414032512326353 0.365051374307434 0.0992379136560199 0.414032512326353 1 0.39153220168269 0.00104199308922735 0.365051374307434 0.39153220168269 1
"129" 1 -0.328501563550779 0.234481281350798 0.0680913454470431 -0.328501563550779 1 -0.449697532312398 -0.129840700346705 0.234481281350798 -0.449697532312398 1 0.332286934907991 0.0680913454470431 -0.129840700346705 0.332286934907991 1
"130" 1 0.230337344525017 0.398138078537887 0.491367891093292 0.230337344525017 1 0.612815558375894 0.566541512524998 0.398138078537887 0.612815558375894 1 0.795352018631155 0.491367891093292 0.566541512524998 0.795352018631155 1
"131" 1 0.539792950983027 0.388279939009648 0.65900740721957 0.539792950983027 1 0.570983505170329 0.679805080227191 0.388279939009648 0.570983505170329 1 0.54630799014636 0.65900740721957 0.679805080227191 0.54630799014636 1
"132" 1 0.42379668638643 0.400052444670055 0.56163775843886 0.42379668638643 1 0.338248312335208 0.33963948918596 0.400052444670055 0.338248312335208 1 0.57472691402592 0.56163775843886 0.33963948918596 0.57472691402592 1
"133" 1 0.333556533850415 0.543424773554655 0.648083287509961 0.333556533850415 1 0.61543595461562 0.617643369571315 0.543424773554655 0.61543595461562 1 0.771874663651857 0.648083287509961 0.617643369571315 0.771874663651857 1
"134" 1 0.684366747411721 0.561627042662476 0.434504876678877 0.684366747411721 1 0.738010999164186 0.673860133413936 0.561627042662476 0.738010999164186 1 0.805218546182299 0.434504876678877 0.673860133413936 0.805218546182299 1
"135" 1 0.519594115115122 0.494028553326866 0.442412421208178 0.519594115115122 1 0.652417383854156 0.567428215192692 0.494028553326866 0.652417383854156 1 0.674313379908687 0.442412421208178 0.567428215192692 0.674313379908687 1
"136" 1 0.480753451848588 0.331144070800902 0.291207726510939 0.480753451848588 1 0.711775148508509 0.762510876441201 0.331144070800902 0.711775148508509 1 0.743925231177722 0.291207726510939 0.762510876441201 0.743925231177722 1
"137" 1 0.461071134515774 0.391963684727191 0.462690284216986 0.461071134515774 1 0.558447956691592 0.614562387596052 0.391963684727191 0.558447956691592 1 0.806027832196826 0.462690284216986 0.614562387596052 0.806027832196826 1
"138" 1 0.454883570632815 0.414058620332719 0.398380164321798 0.454883570632815 1 0.606187944409679 0.619293313041488 0.414058620332719 0.606187944409679 1 0.642684402238421 0.398380164321798 0.619293313041488 0.642684402238421 1
"139" 1 0.315268927743748 0.289315891506159 0.394247561328968 0.315268927743748 1 0.494761457863342 0.460440281593843 0.289315891506159 0.494761457863342 1 0.799456607026721 0.394247561328968 0.460440281593843 0.799456607026721 1
"140" 1 0.472064865255057 0.393450634732412 0.544838758597784 0.472064865255057 1 0.686021521522693 0.726935329748283 0.393450634732412 0.686021521522693 1 0.805551015466528 0.544838758597784 0.726935329748283 0.805551015466528 1
"141" 1 0.406589053603602 0.399606465106774 0.208278350822646 0.406589053603602 1 0.437777598712694 0.429320222245893 0.399606465106774 0.437777598712694 1 0.562379560288406 0.208278350822646 0.429320222245893 0.562379560288406 1
"142" 1 0.520694981610477 0.380976700610833 0.406320464271589 0.520694981610477 1 0.589533214740625 0.627352570862612 0.380976700610833 0.589533214740625 1 0.706722734763764 0.406320464271589 0.627352570862612 0.706722734763764 1
"143" 1 0.28966022136552 0.102949105922019 0.238137558497409 0.28966022136552 1 0.473516553791047 0.25216216923147 0.102949105922019 0.473516553791047 1 0.686707339580204 0.238137558497409 0.25216216923147 0.686707339580204 1
"144" 1 0.42307240003521 0.303124746898108 0.212152591823845 0.42307240003521 1 0.30656587234257 0.27091266090587 0.303124746898108 0.30656587234257 1 0.792320431478782 0.212152591823845 0.27091266090587 0.792320431478782 1
"145" 1 0.474369060335123 0.243320393226329 0.280336310942567 0.474369060335123 1 0.58540345010029 0.653192944119089 0.243320393226329 0.58540345010029 1 0.613787168723923 0.280336310942567 0.653192944119089 0.613787168723923 1
"146" 1 0.0851457490393014 0.578664195208447 0.731662242385511 0.0851457490393014 1 -0.0517779669527585 0.418119835307413 0.578664195208447 -0.0517779669527585 1 0.446136339833503 0.731662242385511 0.418119835307413 0.446136339833503 1
"147" 1 0.376435987662938 0.156349119685549 0.27742021374575 0.376435987662938 1 0.664112084130343 0.668759833526116 0.156349119685549 0.664112084130343 1 0.601004563028634 0.27742021374575 0.668759833526116 0.601004563028634 1
"148" 1 0.561790071029448 0.315254563714705 0.413819408535616 0.561790071029448 1 0.546874526284491 0.281804635027932 0.315254563714705 0.546874526284491 1 0.188143335595455 0.413819408535616 0.281804635027932 0.188143335595455 1
"149" 1 0.429948499188519 0.318249842477597 0.279265252734609 0.429948499188519 1 0.257778628391755 0.334559167229566 0.318249842477597 0.257778628391755 1 0.868523389573027 0.279265252734609 0.334559167229566 0.868523389573027 1
"150" 1 0.491281979771897 0.527334632093775 0.503845027383839 0.491281979771897 1 0.720535651428045 0.640786817717707 0.527334632093775 0.720535651428045 1 0.679574778551001 0.503845027383839 0.640786817717707 0.679574778551001 1
"151" 1 0.635051984562199 0.505533876374054 0.519173204343219 0.635051984562199 1 0.706227108168919 0.796921945633297 0.505533876374054 0.706227108168919 1 0.870011546204806 0.519173204343219 0.796921945633297 0.870011546204806 1
"152" 1 0.600037350931657 0.678013783735919 0.695123692558019 0.600037350931657 1 0.665906188589764 0.686563067827252 0.678013783735919 0.665906188589764 1 0.84771928459948 0.695123692558019 0.686563067827252 0.84771928459948 1
"153" 1 0.617542982571746 0.292854826945542 -0.0371023603012523 0.617542982571746 1 0.297432017909799 0.0336717981583204 0.292854826945542 0.297432017909799 1 0.0710934309995405 -0.0371023603012523 0.0336717981583204 0.0710934309995405 1
"154" 1 0.624607587623516 0.340936722090771 0.423545991095125 0.624607587623516 1 0.554522232956972 0.635510964167474 0.340936722090771 0.554522232956972 1 0.758325247529671 0.423545991095125 0.635510964167474 0.758325247529671 1
"155" 1 0.728948280223367 0.63604784924612 0.633417029824614 0.728948280223367 1 0.790064313267755 0.798299899759801 0.63604784924612 0.790064313267755 1 0.909864577258265 0.633417029824614 0.798299899759801 0.909864577258265 1
"156" 1 0.530888759616096 0.424044632925833 0.427172060219602 0.530888759616096 1 0.603982058372253 0.723720661495299 0.424044632925833 0.603982058372253 1 0.785791305181581 0.427172060219602 0.723720661495299 0.785791305181581 1
"157" 1 0.494588718076441 0.440915353374768 0.51766638721855 0.494588718076441 1 0.578429268867713 0.700055477614298 0.440915353374768 0.578429268867713 1 0.807071600500399 0.51766638721855 0.700055477614298 0.807071600500399 1
"158" 1 0.208044654058575 0.429914436289263 0.632014149109274 0.208044654058575 1 0.597787337450755 0.570433554129991 0.429914436289263 0.597787337450755 1 0.721606584669356 0.632014149109274 0.570433554129991 0.721606584669356 1
"159" 1 0.467091298245681 0.275014396891938 0.568925451482056 0.467091298245681 1 0.467919947405616 0.369983813198589 0.275014396891938 0.467919947405616 1 0.239215680161237 0.568925451482056 0.369983813198589 0.239215680161237 1
"160" 1 0.597746716160867 0.586065818055482 0.526786347527501 0.597746716160867 1 0.608813249009675 0.650915546119577 0.586065818055482 0.608813249009675 1 0.794369285971913 0.526786347527501 0.650915546119577 0.794369285971913 1
"161" 1 0.577668623794152 0.448155125139786 0.325705155433891 0.577668623794152 1 0.596847659189133 0.519795099667257 0.448155125139786 0.596847659189133 1 0.531925926842424 0.325705155433891 0.519795099667257 0.531925926842424 1
"162" 1 0.548170331461703 0.323942969301281 0.569083630997567 0.548170331461703 1 0.371135293085315 0.399179427416689 0.323942969301281 0.371135293085315 1 0.695347325171743 0.569083630997567 0.399179427416689 0.695347325171743 1
"163" 1 0.537126763880181 0.396855320103741 0.391078755674166 0.537126763880181 1 0.652873217855871 0.471622033203922 0.396855320103741 0.652873217855871 1 0.620640136001223 0.391078755674166 0.471622033203922 0.620640136001223 1
"164" 1 0.0990770552098143 -0.0592242365972581 0.146891649947664 0.0990770552098143 1 0.713673330443192 0.454495413802987 -0.0592242365972581 0.713673330443192 1 0.602625581387356 0.146891649947664 0.454495413802987 0.602625581387356 1
"165" 1 0.509312045377388 0.319099197943114 0.294266036210884 0.509312045377388 1 0.5973201880388 0.628685014114471 0.319099197943114 0.5973201880388 1 0.713316761780276 0.294266036210884 0.628685014114471 0.713316761780276 1
"166" 1 0.371386090693897 0.450259048901867 0.197540716573511 0.371386090693897 1 0.767579285630095 0.213949985344213 0.450259048901867 0.767579285630095 1 0.216551808969471 0.197540716573511 0.213949985344213 0.216551808969471 1
"167" 1 0.639342522692675 0.597721325801828 0.554308496451948 0.639342522692675 1 0.474401611313144 0.584600694532842 0.597721325801828 0.474401611313144 1 0.779579914689224 0.554308496451948 0.584600694532842 0.779579914689224 1
"168" 1 0.12028564617267 0.0652716365064367 0.337324744204798 0.12028564617267 1 0.642721496393653 0.30752176538366 0.0652716365064367 0.642721496393653 1 0.305474564845705 0.337324744204798 0.30752176538366 0.305474564845705 1
"169" 1 0.592575284301723 0.327803388566467 0.463003390089223 0.592575284301723 1 0.615238639379794 0.724419022868839 0.327803388566467 0.615238639379794 1 0.742165245526733 0.463003390089223 0.724419022868839 0.742165245526733 1
"170" 1 0.589430652334557 0.488712862683404 0.509485313628846 0.589430652334557 1 0.6075217006176 0.654332492577437 0.488712862683404 0.6075217006176 1 0.710449080884734 0.509485313628846 0.654332492577437 0.710449080884734 1
"171" 1 0.682480036769856 0.557812743047638 0.532518126860564 0.682480036769856 1 0.592986205282402 0.567739227153692 0.557812743047638 0.592986205282402 1 0.41525809321118 0.532518126860564 0.567739227153692 0.41525809321118 1
"172" 1 0.189244412704448 0.404985519453898 0.149349148247462 0.189244412704448 1 0.270501436768833 0.252337972524033 0.404985519453898 0.270501436768833 1 0.577679050651246 0.149349148247462 0.252337972524033 0.577679050651246 1
"173" 1 0.390064222315472 0.319636005676354 0.257696026916283 0.390064222315472 1 0.718062038135228 0.740025570326969 0.319636005676354 0.718062038135228 1 0.696354203860884 0.257696026916283 0.740025570326969 0.696354203860884 1
"174" 1 0.380992353849993 0.313213435828454 0.454761343391735 0.380992353849993 1 0.669903308254419 0.526777068285697 0.313213435828454 0.669903308254419 1 0.592285101861218 0.454761343391735 0.526777068285697 0.592285101861218 1
"175" 1 0.380149214862438 0.289710942521001 0.25218124253203 0.380149214862438 1 0.60342301235386 0.231726428676725 0.289710942521001 0.60342301235386 1 0.227249880373507 0.25218124253203 0.231726428676725 0.227249880373507 1
"176" 1 0.297108462509574 0.28179599608106 0.0109682834679439 0.297108462509574 1 0.175426184271897 0.00971496825403043 0.28179599608106 0.175426184271897 1 0.49556676227981 0.0109682834679439 0.00971496825403043 0.49556676227981 1
"177" 1 0.714434245536644 0.440149722789541 0.628062115874786 0.714434245536644 1 0.456258157227913 0.615549864738686 0.440149722789541 0.456258157227913 1 0.626483231077156 0.628062115874786 0.615549864738686 0.626483231077156 1
"178" 1 0.653874787693477 0.537853889862146 0.558944537073319 0.653874787693477 1 0.77327052601708 0.75002318412873 0.537853889862146 0.77327052601708 1 0.776246243750399 0.558944537073319 0.75002318412873 0.776246243750399 1
"179" 1 0.189380527150808 0.0995926071043963 0.18636124254044 0.189380527150808 1 0.39350674712276 0.38842328601344 0.0995926071043963 0.39350674712276 1 0.614095478723845 0.18636124254044 0.38842328601344 0.614095478723845 1
"180" 1 0.630369861227862 0.462871332834375 0.516021549966214 0.630369861227862 1 0.733534672826134 0.747017290307268 0.462871332834375 0.733534672826134 1 0.831492681343663 0.516021549966214 0.747017290307268 0.831492681343663 1
"181" 1 0.471044813510836 0.582697580184714 0.530314989025547 0.471044813510836 1 0.642896996980593 0.690889118278472 0.582697580184714 0.642896996980593 1 0.747298046006789 0.530314989025547 0.690889118278472 0.747298046006789 1
"182" 1 0.659672654669582 0.622607327376065 0.616545680467604 0.659672654669582 1 0.669401737111802 0.78655907667391 0.622607327376065 0.669401737111802 1 0.819376571428794 0.616545680467604 0.78655907667391 0.819376571428794 1
"183" 1 0.423464576578152 0.378089840815867 0.695590096486137 0.423464576578152 1 0.228363753254921 0.513627804098502 0.378089840815867 0.228363753254921 1 0.346622486214807 0.695590096486137 0.513627804098502 0.346622486214807 1
"184" 1 0.226183773922048 0.208671409594918 0.166805770998946 0.226183773922048 1 0.459083276245191 0.513614704727784 0.208671409594918 0.459083276245191 1 0.770399439045428 0.166805770998946 0.513614704727784 0.770399439045428 1
"185" 1 0.770540745709653 0.761231693780132 0.777419104546406 0.770540745709653 1 0.712878838582241 0.733951586805384 0.761231693780132 0.712878838582241 1 0.870782725214819 0.777419104546406 0.733951586805384 0.870782725214819 1
"186" 1 0.701032470672149 0.600480492704816 0.64293767479567 0.701032470672149 1 0.747483097225786 0.643994898012129 0.600480492704816 0.747483097225786 1 0.687260653133149 0.64293767479567 0.643994898012129 0.687260653133149 1
"187" 1 0.615288159766703 0.497161076558744 0.597596170430052 0.615288159766703 1 0.47132453424118 0.504634212431983 0.497161076558744 0.47132453424118 1 0.649600423674857 0.597596170430052 0.504634212431983 0.649600423674857 1
"188" 1 0.588913179913171 0.422165773789611 0.599511126078573 0.588913179913171 1 0.62710092868532 0.657641333709388 0.422165773789611 0.62710092868532 1 0.770901835811355 0.599511126078573 0.657641333709388 0.770901835811355 1
"189" 1 0.302878309708714 0.376538659868884 0.519396357410272 0.302878309708714 1 0.572860385782221 0.567352847871135 0.376538659868884 0.572860385782221 1 0.777073797483295 0.519396357410272 0.567352847871135 0.777073797483295 1
"190" 1 0.704157155916851 0.563332991943358 0.695613205579977 0.704157155916851 1 0.66925388924634 0.668987449590919 0.563332991943358 0.66925388924634 1 0.641662586239403 0.695613205579977 0.668987449590919 0.641662586239403 1
"191" 1 0.555441290609882 0.467669700382199 0.394150737704322 0.555441290609882 1 0.632804321868744 0.602596674546815 0.467669700382199 0.632804321868744 1 0.73688792766821 0.394150737704322 0.602596674546815 0.73688792766821 1
"192" 1 0.36551266938409 0.261599639089373 0.272909358878486 0.36551266938409 1 0.460085439664129 0.439943096880758 0.261599639089373 0.460085439664129 1 0.677423573035505 0.272909358878486 0.439943096880758 0.677423573035505 1
"193" 1 0.650511016764627 0.588452891531599 0.609586177501265 0.650511016764627 1 0.771912638891892 0.75160172975304 0.588452891531599 0.771912638891892 1 0.882302262044735 0.609586177501265 0.75160172975304 0.882302262044735 1
"194" 1 0.373729426202703 0.417135037052425 0.475378370213682 0.373729426202703 1 0.798655216792272 0.653717150983195 0.417135037052425 0.798655216792272 1 0.773305056594533 0.475378370213682 0.653717150983195 0.773305056594533 1
"195" 1 0.234492445028851 0.142149897817895 -0.200656002114598 0.234492445028851 1 0.327487820671481 0.355511168327026 0.142149897817895 0.327487820671481 1 0.437665486330867 -0.200656002114598 0.355511168327026 0.437665486330867 1
"196" 1 0.515814792432624 0.484228390267086 0.464552135823001 0.515814792432624 1 0.540041297992967 0.520588830476621 0.484228390267086 0.540041297992967 1 0.82718381514012 0.464552135823001 0.520588830476621 0.82718381514012 1
"197" 1 0.589353176587826 0.564207841906609 0.543699864656699 0.589353176587826 1 0.620524656407618 0.654807974788392 0.564207841906609 0.620524656407618 1 0.658338409304852 0.543699864656699 0.654807974788392 0.658338409304852 1
"198" 1 0.227726947419404 0.318901574269492 0.318182305940037 0.227726947419404 1 0.651151369848659 0.533778164082162 0.318901574269492 0.651151369848659 1 0.547541051867882 0.318182305940037 0.533778164082162 0.547541051867882 1
"199" 1 0.604119830124191 0.590660903489336 0.610138411458591 0.604119830124191 1 0.700185526750098 0.739432133265435 0.590660903489336 0.700185526750098 1 0.780835638786137 0.610138411458591 0.739432133265435 0.780835638786137 1
"200" 1 0.615679577585622 0.323071193758883 0.429602375876775 0.615679577585622 1 0.579798077364229 0.635263309717755 0.323071193758883 0.579798077364229 1 0.772224067858007 0.429602375876775 0.635263309717755 0.772224067858007 1
